-0.030575
-0.030900
-0.031235
-0.031579
-0.031932
-0.032295
-0.032669
-0.033053
-0.033448
-0.033855
-0.034272
-0.034702
-0.035143
-0.035597
-0.036064
-0.036544
-0.037038
-0.037545
-0.038067
-0.038604
-0.039156
-0.039724
-0.040308
-0.040908
-0.041525
-0.042160
-0.042813
-0.043485
-0.044176
-0.044886
-0.045617
-0.046368
-0.047141
-0.047936
-0.048754
-0.049596
-0.050461
-0.051351
-0.052267
-0.053209
-0.054178
-0.055175
-0.056200
-0.057256
-0.058341
-0.059458
-0.060607
-0.061790
-0.063007
-0.064259
-0.065547
-0.066873
-0.068237
-0.069641
-0.071086
-0.072573
-0.074104
-0.075679
-0.077301
-0.078970
-0.080688
-0.082457
-0.084277
-0.086152
-0.088081
-0.090068
-0.092114
-0.094220
-0.096389
-0.098623
-0.100923
-0.103292
-0.105732
-0.108244
-0.110833
-0.113499
-0.116245
-0.119074
-0.121989
-0.124992
-0.128086
-0.131274
-0.134559
-0.137945
-0.141434
-0.145031
-0.148737
-0.152558
-0.156497
-0.160558
-0.164744
-0.169061
-0.173512
-0.178102
-0.182835
-0.187717
-0.192752
-0.197946
-0.203305
-0.208833
-0.214536
-0.220421
-0.226494
-0.232761
-0.239229
-0.245905
-0.252796
-0.259910
-0.267255
-0.274838
-0.282668
-0.290755
-0.299106
-0.307732
-0.316641
-0.325845
-0.335354
-0.345178
-0.355329
-0.365819
-0.376660
-0.387865
-0.399446
-0.411418
-0.423795
-0.436590
-0.449821
-0.463501
-0.477649
-0.492280
-0.507413
-0.523065
-0.539256
-0.556006
-0.573334
-0.591261
-0.609811
-0.629004
-0.648866
-0.669419
-0.690688
-0.712701
-0.735483
-0.759063
-0.783468
-0.808728
-0.834874
-0.861937
-0.889950
-0.918945
-0.948957
-0.980022
-1.012175
-1.045454
-1.079897
-1.115543
-1.152433
-1.190608
-1.230110
-1.270983
-1.313269
-1.357015
-1.402266
-1.449069
-1.497471
-1.547520
-1.599266
-1.652757
-1.708043
-1.765176
-1.824207
-1.885185
-1.948164
-2.013195
-2.080330
-2.149620
-2.221117
-2.294873
-2.370938
-2.449363
-2.530199
-2.613493
-2.699296
-2.787654
-2.878613
-2.972220
-3.068516
-3.167546
-3.269350
-3.373966
-3.481433
-3.591786
-3.705058
-3.821281
-3.940485
-4.062696
-4.187941
-4.316242
-4.447618
-4.582090
-4.719673
-4.860381
-5.004225
-5.151215
-5.301358
-5.454660
-5.611123
-5.770750
-5.933540
-6.099491
-6.268599
-6.440859
-6.616266
-6.794812
-6.976489
-7.161288
-7.349199
-7.540213
-7.734318
-7.931506
-8.131766
-8.335088
-8.541463
-8.750883
-8.963339
-9.178827
-9.397340
-9.618875
-9.843431
-10.071008
-10.301607
-10.535235
-10.771897
-11.011605
-11.254371
-11.500212
-11.749147
-12.001201
-12.256400
-12.514777
-12.776368
-13.041213
-13.309360
-13.580860
-13.855769
-14.134152
-14.416079
-14.701626
-14.990879
-15.283930
-15.580880
-15.881839
-16.186927
-16.496275
-16.810025
-17.128332
-17.451364
-17.779302
-18.112346
-18.450710
-18.794630
-19.144361
-19.500180
-19.862392
-20.231326
-20.607346
-20.990848
-21.382267
-21.782083
-22.190821
-22.609065
-23.037459
-23.476721
-23.927648
-24.391133
-24.868177
-25.359909
-25.867606
-26.392722
-26.936917
-27.502102
-28.090488
-28.704652
-29.347619
-30.022975
-30.735006
-31.488890
-32.290957
-33.149047
-34.073007
-35.075410
-36.172583
-37.386121
-38.745073
-40.288891
-42.070309
-44.152061
-46.564433
-49.071814
-50.506889
-49.540704
-47.311061
-45.109090
-43.232944
-41.663575
-40.338317
-39.202950
-38.216698
-37.349539
-36.579189
-35.888828
-35.265531
-34.699191
-34.181773
-33.706798
-33.268967
-32.863902
-32.487938
-32.137984
-31.811404
-31.505937
-31.219622
-30.950752
-30.697828
-30.459526
-30.234666
-30.022193
-29.821156
-29.630691
-29.450007
-29.278372
-29.115106
-28.959566
-28.811140
-28.669235
-28.533266
-28.402651
-28.276793
-28.155075
-28.036839
-27.921375
-27.807899
-27.695531
-27.583264
-27.469930
-27.354160
-27.234328
-27.108486
-26.974281
-26.828861
-26.668750
-26.489703
-26.286531
-26.052904
-25.781118
-25.461847
-25.083876
-24.633835
-24.095907
-23.451509
-22.678816
-21.751921
-20.639203
-19.300128
-17.679135
-15.694454
-13.219990
-10.078171
-6.291796
-4.077492
-6.343407
-9.412308
-11.795449
-13.589211
-14.973665
-16.071351
-16.961460
-17.696593
-18.312993
-18.836485
-19.286007
-19.675780
-20.016706
-20.317286
-20.584247
-20.822984
-21.037872
-21.232498
-21.409827
-21.572336
-21.722107
-21.860904
-21.990235
-22.111396
-22.225508
-22.333549
-22.436379
-22.534754
-22.629351
-22.720774
-22.809572
-22.896241
-22.981240
-23.064992
-23.147893
-23.230319
-23.312626
-23.395157
-23.478249
-23.562229
-23.647427
-23.734171
-23.822795
-23.913644
-24.007071
-24.103449
-24.203169
-24.306646
-24.414326
-24.526691
-24.644263
-24.767614
-24.897374
-25.034239
-25.178989
-25.332495
-25.495741
-25.669844
-25.856081
-26.055918
-26.271054
-26.503473
-26.755503
-27.029907
-27.329995
-27.659766
-28.024121
-28.429133
-28.882455
-29.393896
-29.976294
-30.646875
-31.429468
-32.358301
-33.485001
-34.892654
-36.727764
-39.287044
-43.334772
-52.370141
-52.397033
-42.323203
-37.457337
-34.114580
-31.512433
-29.352505
-27.492245
-25.856818
-24.407851
-23.130962
-22.030951
-21.130418
-20.469246
-20.101923
-20.086367
-20.446649
-21.061717
-21.447777
-20.891609
-19.473077
-17.975119
-16.826742
-15.999636
-15.218346
-14.053188
-12.017914
-8.746901
-3.911878
3.353938
7.275718
1.762859
-1.387945
-3.139630
-4.129466
-4.600161
-4.619960
-4.130865
-2.893220
-0.237497
4.514278
-2.113094
-10.893563
-17.822437
-22.048196
-22.152381
-20.966178
-19.950609
-19.218959
-18.696838
-18.318089
-18.038146
-17.827857
-17.667872
-17.545051
-17.450270
-17.377073
-17.320835
-17.278226
-17.246869
-17.225119
-17.211930
-17.206785
