-12.039779
-12.039536
-12.039286
-12.039029
-12.038765
-12.038494
-12.038215
-12.037928
-12.037634
-12.037331
-12.037019
-12.036700
-12.036371
-12.036033
-12.035685
-12.035328
-12.034961
-12.034584
-12.034197
-12.033798
-12.033389
-12.032968
-12.032535
-12.032090
-12.031633
-12.031164
-12.030681
-12.030185
-12.029675
-12.029150
-12.028612
-12.028058
-12.027489
-12.026904
-12.026302
-12.025684
-12.025049
-12.024396
-12.023725
-12.023035
-12.022326
-12.021598
-12.020849
-12.020079
-12.019288
-12.018475
-12.017639
-12.016780
-12.015897
-12.014989
-12.014056
-12.013097
-12.012112
-12.011099
-12.010057
-12.008987
-12.007887
-12.006757
-12.005594
-12.004400
-12.003172
-12.001910
-12.000613
-11.999280
-11.997909
-11.996501
-11.995053
-11.993565
-11.992035
-11.990463
-11.988847
-11.987185
-11.985478
-11.983723
-11.981919
-11.980064
-11.978158
-11.976199
-11.974185
-11.972115
-11.969987
-11.967800
-11.965552
-11.963240
-11.960865
-11.958423
-11.955913
-11.953333
-11.950681
-11.947954
-11.945152
-11.942271
-11.939310
-11.936266
-11.933136
-11.929920
-11.926613
-11.923214
-11.919720
-11.916128
-11.912436
-11.908640
-11.904738
-11.900727
-11.896603
-11.892364
-11.888006
-11.883526
-11.878920
-11.874185
-11.869318
-11.864314
-11.859169
-11.853880
-11.848443
-11.842853
-11.837106
-11.831197
-11.825122
-11.818877
-11.812456
-11.805854
-11.799067
-11.792088
-11.784913
-11.777536
-11.769950
-11.762151
-11.754132
-11.745887
-11.737409
-11.728692
-11.719728
-11.710511
-11.701034
-11.691288
-11.681266
-11.670961
-11.660364
-11.649466
-11.638259
-11.626734
-11.614882
-11.602694
-11.590159
-11.577267
-11.564009
-11.550373
-11.536348
-11.521924
-11.507088
-11.491828
-11.476132
-11.459988
-11.443382
-11.426300
-11.408729
-11.390653
-11.372059
-11.352931
-11.333253
-11.313009
-11.292182
-11.270754
-11.248708
-11.226026
-11.202688
-11.178675
-11.153966
-11.128542
-11.102379
-11.075456
-11.047751
-11.019239
-10.989897
-10.959699
-10.928619
-10.896630
-10.863705
-10.829816
-10.794932
-10.759025
-10.722062
-10.684011
-10.644839
-10.604512
-10.562994
-10.520249
-10.476240
-10.430927
-10.384270
-10.336229
-10.286762
-10.235823
-10.183369
-10.129353
-10.073729
-10.016446
-9.957455
-9.896704
-9.834141
-9.769712
-9.703361
-9.635033
-9.564669
-9.492210
-9.417599
-9.340773
-9.261673
-9.180237
-9.096403
-9.010111
-8.921299
-8.829908
-8.735879
-8.639155
-8.539684
-8.437415
-8.332302
-8.224307
-8.113396
-7.999545
-7.882742
-7.762987
-7.640294
-7.514696
-7.386248
-7.255031
-7.121154
-6.984764
-6.846045
-6.705232
-6.562611
-6.418534
-6.273422
-6.127775
-5.982187
-5.837348
-5.694059
-5.553241
-5.415937
-5.283322
-5.156701
-5.037506
-4.927282
-4.827674
-4.740391
-4.667177
-4.609758
-4.569786
-4.548783
-4.548071
-4.568714
-4.611463
-4.676718
-4.764499
-4.874447
-5.005840
-5.157623
-5.328462
-5.516799
-5.720918
-5.939006
-6.169212
-6.409698
-6.658676
-6.914446
-7.175411
-7.440096
-7.707152
-7.975354
-8.243602
-8.510913
-8.776410
-9.039315
-9.298937
-9.554661
-9.805941
-10.052286
-10.293255
-10.528445
-10.757487
-10.980034
-11.195760
-11.404349
-11.605493
-11.798884
-11.984210
-12.161151
-12.329372
-12.488519
-12.638214
-12.778050
-12.907584
-13.026332
-13.133759
-13.229275
-13.312222
-13.381867
-13.437383
-13.477842
-13.502189
-13.509224
-13.497574
-13.465661
-13.411655
-13.333425
-13.228471
-13.093833
-12.925975
-12.720631
-12.472590
-12.175405
-11.820970
-11.398910
-10.895655
-10.292998
-9.565735
-8.677580
-7.573639
-6.165182
-4.295062
-1.644796
2.583693
10.710497
6.768098
-0.459393
-4.788629
-7.913888
-10.401434
-12.497849
-14.332121
-15.980418
-17.491838
-18.900297
-20.230663
-21.502225
-22.730820
-23.930263
-25.113426
-26.293166
-27.483282
-28.699658
-29.961832
-31.295388
-32.735894
-34.335884
-36.178112
-38.402225
-41.256958
-45.112939
-48.698042
-45.528576
-40.654941
-36.734830
-33.377889
-30.205028
-26.896286
-23.038012
-17.744329
-7.403046
-9.732369
-17.394516
-21.225290
-23.746497
-25.616389
-27.099542
-28.327355
-29.373821
-30.284198
-31.087791
-31.804329
-32.447433
-33.026596
-33.548389
-34.017191
-34.435643
-34.804915
-35.124828
-35.393870
-35.609096
-35.765905
-35.857649
-35.875006
-35.804971
-35.629224
-35.321354
-34.841922
-34.128969
-33.077873
-31.492048
-28.932866
-24.040538
-6.725468
-25.280228
-32.436063
-37.064327
-40.705057
-43.849398
-46.728240
-49.478753
-52.194074
-54.923260
-57.590369
-59.716751
-60.214707
-58.664450
-55.937189
-52.490969
-47.790748
-38.646701
-37.505688
-47.469424
-52.292274
-55.670808
-58.390408
-60.749272
-62.892940
-64.904466
-66.837301
-68.729803
-70.612703
-72.513607
-74.460366
-76.484353
-78.624614
-80.934308
-83.492178
-86.425270
-89.956896
-94.488813
-100.092955
-100.566088
-96.496795
-93.583681
-91.645783
-90.297887
-89.328938
-88.620266
-88.100116
-87.722254
-87.455331
-87.277207
-87.171725
-87.126773
-87.133066
-87.183360
-87.271910
-87.394107
-87.546211
-87.725165
-87.928451
-88.153989
-88.400053
-88.665215
-88.948292
-89.248314
-89.564492
-89.896195
-90.242935
-90.604349
-90.980194
-91.370333
-91.774732
-92.193459
-92.626678
-93.074651
-93.537740
-94.016410
-94.511232
-95.022893
-95.552197
-96.100079
-96.667612
-97.256019
-97.866677
-98.501125
-99.161065
-99.848345
-100.564918
-101.312769
-102.093752
-102.909307
-103.759950
-104.644385
-105.557985
-106.490299
-107.421220
-108.315801
-109.119245
-109.756793
-110.146383
-110.227031
-109.987569
-109.469883
-108.743551
-107.877114
-106.928380
-105.963272
-105.122312
-104.775104
-105.656479
-108.421829
-113.130901
-120.560677
-152.821290
-124.039707
-119.228696
-116.944537
-115.681141
-115.004588
-114.755751
