-0.009743
-0.009658
-0.009571
-0.009481
-0.009389
-0.009295
-0.009197
-0.009097
-0.008995
-0.008889
-0.008780
-0.008669
-0.008554
-0.008436
-0.008315
-0.008191
-0.008063
-0.007931
-0.007796
-0.007657
-0.007514
-0.007367
-0.007217
-0.007061
-0.006902
-0.006738
-0.006570
-0.006397
-0.006219
-0.006036
-0.005849
-0.005655
-0.005457
-0.005253
-0.005043
-0.004828
-0.004607
-0.004379
-0.004145
-0.003905
-0.003658
-0.003404
-0.003143
-0.002874
-0.002598
-0.002315
-0.002024
-0.001724
-0.001417
-0.001100
-0.000775
-0.000441
-0.000098
0.000255
0.000618
0.000991
0.001374
0.001768
0.002173
0.002589
0.003016
0.003456
0.003908
0.004372
0.004849
0.005340
0.005844
0.006362
0.006895
0.007442
0.008005
0.008583
0.009177
0.009788
0.010416
0.011061
0.011725
0.012406
0.013107
0.013827
0.014568
0.015328
0.016110
0.016914
0.017740
0.018589
0.019462
0.020359
0.021281
0.022229
0.023203
0.024204
0.025233
0.026291
0.027378
0.028495
0.029643
0.030824
0.032037
0.033284
0.034566
0.035883
0.037237
0.038629
0.040060
0.041530
0.043042
0.044595
0.046192
0.047833
0.049520
0.051254
0.053036
0.054868
0.056751
0.058687
0.060676
0.062721
0.064823
0.066984
0.069204
0.071487
0.073833
0.076245
0.078724
0.081272
0.083892
0.086584
0.089351
0.092196
0.095120
0.098126
0.101216
0.104391
0.107656
0.111012
0.114461
0.118007
0.121652
0.125399
0.129251
0.133210
0.137280
0.141463
0.145764
0.150185
0.154730
0.159402
0.164205
0.169142
0.174217
0.179435
0.184798
0.190312
0.195981
0.201808
0.207799
0.213958
0.220290
0.226799
0.233491
0.240371
0.247445
0.254716
0.262193
0.269879
0.277782
0.285907
0.294260
0.302849
0.311680
0.320759
0.330094
0.339693
0.349562
0.359710
0.370144
0.380873
0.391905
0.403249
0.414914
0.426908
0.439243
0.451927
0.464970
0.478383
0.492177
0.506362
0.520951
0.535954
0.551384
0.567253
0.583574
0.600361
0.617626
0.635384
0.653650
0.672437
0.691763
0.711642
0.732091
0.753126
0.774766
0.797027
0.819929
0.843491
0.867732
0.892673
0.918334
0.944738
0.971906
0.999863
1.028630
1.058234
1.088700
1.120054
1.152322
1.185534
1.219718
1.254904
1.291123
1.328406
1.366788
1.406303
1.446985
1.488871
1.532000
1.576410
1.622143
1.669239
1.717743
1.767700
1.819156
1.872160
1.926761
1.983012
2.040966
2.100679
2.162208
2.225614
2.290958
2.358304
2.427720
2.499274
2.573037
2.649084
2.727491
2.808339
2.891708
2.977686
3.066359
3.157819
3.252160
3.349480
3.449880
3.553462
3.660333
3.770603
3.884383
4.001789
4.122937
4.247945
4.376934
4.510023
4.647333
4.788981
4.935083
5.085750
5.241086
5.401185
5.566130
5.735986
5.910796
6.090575
6.275305
6.464924
6.659312
6.858288
7.061583
7.268832
7.479546
7.693092
7.908665
8.125255
8.341616
8.556231
8.767280
8.972613
9.169727
9.355766
9.527542
9.681583
9.814225
9.921740
10.000515
10.047253
10.059190
10.034308
9.971488
9.870619
9.732598
9.559262
9.353234
9.117728
8.856328
8.572781
8.270812
7.953981
7.625587
7.288603
6.945651
6.599001
6.250588
5.902031
5.554676
5.209620
4.867751
4.529776
4.196252
3.867607
3.544168
3.226173
2.913790
2.607134
2.306271
2.011232
1.722021
1.438617
1.160986
0.889078
0.622838
0.362201
0.107103
-0.142525
-0.386750
-0.625638
-0.859252
-1.087652
-1.310892
-1.529022
-1.742086
-1.950122
-2.153159
-2.351222
-2.544324
-2.732473
-2.915666
-3.093891
-3.267127
-3.435339
-3.598485
-3.756508
-3.909337
-4.056889
-4.199065
-4.335750
-4.466811
-4.592095
-4.711431
-4.824623
-4.931453
-5.031675
-5.125017
-5.211177
-5.289824
-5.360594
-5.423096
-5.476911
-5.521603
-5.556731
-5.581878
-5.596696
-5.600981
-5.594818
-5.578811
-5.554522
-5.525260
-5.497619
-5.484576
-5.512234
-5.635800
-5.982195
-6.884186
-9.434395
-20.442325
-10.203724
-3.471371
-1.012086
-0.072808
-0.106740
-0.998894
-2.521030
-4.357960
-6.268490
-8.115044
-9.822435
-11.342034
-12.636051
-13.676746
-14.452885
-14.975045
-15.273826
-15.391245
-15.370570
-15.249233
-15.055994
-14.811100
-14.527784
-14.214007
-13.873984
-13.509371
-13.120167
-12.705454
-12.264110
-11.795675
-11.301613
-10.787305
-10.265207
-9.759543
-9.312139
-8.986620
-8.864001
-9.021281
-9.496868
-10.268482
-11.265749
-12.404325
-13.612606
-14.840470
-16.056625
-17.242709
-18.388042
-19.485956
-20.531460
-21.519864
-22.446035
-23.304121
-24.087638
-24.789873
-25.404542
-25.926570
-26.352843
-26.682715
-26.918137
-27.063346
-27.124202
-27.107334
-27.019266
-26.865663
-26.650753
-26.376897
-26.044280
-25.650623
-25.190853
-24.656631
-24.035630
-23.310433
-22.456841
-21.441350
-20.217695
-18.723643
-16.886831
-14.689318
-12.515255
-11.894692
-13.712288
-16.307728
-18.649836
-20.587056
-22.168150
-23.456687
-24.502458
-25.341114
-25.996998
-26.484890
-26.809969
-26.965493
-26.926736
-26.637263
-25.977737
-24.702783
-22.601289
-24.349803
-35.076734
-63.108868
-43.463494
-39.453197
-37.709279
-36.735898
-36.123095
-35.708173
-35.413134
-35.195861
-35.031639
-34.905041
-34.805960
-34.727511
-34.664853
-34.614484
-34.573817
-34.540898
-34.514227
-34.492635
-34.475202
-34.461196
-34.450034
-34.441249
-34.434475
-34.429427
-34.425896
-34.423745
-34.422903
