-0.010600
-0.010391
-0.010177
-0.009956
-0.009729
-0.009496
-0.009256
-0.009010
-0.008757
-0.008497
-0.008229
-0.007955
-0.007672
-0.007382
-0.007083
-0.006777
-0.006461
-0.006137
-0.005804
-0.005462
-0.005110
-0.004749
-0.004377
-0.003995
-0.003602
-0.003199
-0.002784
-0.002357
-0.001919
-0.001469
-0.001006
-0.000530
-0.000041
0.000462
0.000978
0.001509
0.002055
0.002616
0.003193
0.003786
0.004395
0.005021
0.005665
0.006327
0.007007
0.007705
0.008424
0.009162
0.009921
0.010701
0.011503
0.012328
0.013175
0.014046
0.014941
0.015861
0.016807
0.017779
0.018778
0.019805
0.020860
0.021946
0.023061
0.024208
0.025386
0.026597
0.027843
0.029123
0.030438
0.031791
0.033181
0.034610
0.036079
0.037589
0.039141
0.040736
0.042376
0.044062
0.045795
0.047577
0.049408
0.051290
0.053225
0.055215
0.057260
0.059362
0.061523
0.063745
0.066028
0.068376
0.070790
0.073271
0.075821
0.078444
0.081139
0.083911
0.086760
0.089689
0.092700
0.095796
0.098979
0.102251
0.105616
0.109075
0.112631
0.116287
0.120046
0.123911
0.127885
0.131971
0.136172
0.140491
0.144932
0.149499
0.154194
0.159023
0.163987
0.169092
0.174342
0.179740
0.185291
0.190999
0.196868
0.202905
0.209113
0.215496
0.222062
0.228814
0.235758
0.242900
0.250245
0.257799
0.265569
0.273561
0.281782
0.290237
0.298934
0.307881
0.317084
0.326550
0.336289
0.346308
0.356615
0.367219
0.378128
0.389352
0.400901
0.412783
0.425010
0.437591
0.450537
0.463860
0.477570
0.491680
0.506201
0.521147
0.536530
0.552364
0.568662
0.585440
0.602712
0.620493
0.638799
0.657648
0.677055
0.697039
0.717617
0.738810
0.760635
0.783115
0.806269
0.830120
0.854691
0.880004
0.906084
0.932957
0.960648
0.989185
1.018597
1.048912
1.080161
1.112377
1.145591
1.179839
1.215156
1.251580
1.289149
1.327904
1.367887
1.409142
1.451715
1.495654
1.541009
1.587832
1.636178
1.686105
1.737671
1.790941
1.845980
1.902857
1.961644
2.022418
2.085258
2.150248
2.217478
2.287040
2.359033
2.433560
2.510731
2.590662
2.673475
2.759301
2.848277
2.940549
3.036273
3.135614
3.238749
3.345865
3.457163
3.572859
3.693182
3.818380
3.948719
4.084486
4.225988
4.373560
4.527564
4.688393
4.856474
5.032275
5.216304
5.409121
5.611343
5.823646
6.046783
6.281587
6.528990
6.790031
7.065881
7.357860
7.667468
7.996414
8.346660
8.720470
9.120475
9.549756
10.011946
10.511368
11.053211
11.643766
12.290737
13.003651
13.794401
14.677930
15.672997
16.802698
18.093511
19.568502
21.220150
22.920865
24.221630
24.353569
23.141924
21.298112
19.407589
17.673676
16.127336
14.750505
13.516547
12.401067
11.383977
10.449224
9.584047
8.778250
8.023618
7.313466
6.642299
6.005555
5.399416
4.820650
4.266510
3.734636
3.222990
2.729801
2.253519
1.792783
1.346391
0.913275
0.492483
0.083164
-0.315448
-0.704042
-1.083243
-1.453616
-1.815677
-2.169897
-2.516706
-2.856499
-3.189640
-3.516463
-3.837279
-4.152373
-4.462013
-4.766446
-5.065902
-5.360597
-5.650733
-5.936498
-6.218071
-6.495618
-6.769297
-7.039257
-7.305638
-7.568576
-7.828196
-8.084621
-8.337965
-8.588339
-8.835850
-9.080600
-9.322686
-9.562205
-9.799247
-10.033903
-10.266260
-10.496402
-10.724413
-10.950375
-11.174369
-11.396476
-11.616774
-11.835343
-12.052263
-12.267614
-12.481475
-12.693930
-12.905061
-13.114953
-13.323693
-13.531372
-13.738083
-13.943923
-14.148993
-14.353400
-14.557256
-14.760681
-14.963802
-15.166754
-15.369684
-15.572748
-15.776118
-15.979980
-16.184539
-16.390017
-16.596663
-16.804751
-17.014590
-17.226522
-17.440936
-17.658272
-17.879030
-18.103784
-18.333198
-18.568039
-18.809209
-19.057765
-19.314968
-19.582324
-19.861661
-20.155210
-20.465737
-20.796713
-21.152560
-21.539011
-21.963653
-22.436762
-22.972655
-23.591960
-24.325679
-25.222964
-26.367504
-27.916836
-30.217202
-34.275891
-46.451681
-35.931682
-26.794196
-20.425620
-14.174266
-5.918407
2.972185
-5.752077
-9.711918
-11.885155
-13.213199
-14.007239
-14.380185
-14.363387
-13.953186
-13.135511
-11.896537
-10.217890
-8.054912
-5.291997
-1.637809
3.736897
14.122458
10.663079
4.129891
0.937732
-0.959135
-2.157332
-2.902023
-3.312056
-3.448728
-3.342950
-3.009536
-2.460805
-1.732593
-0.946435
-0.423091
-0.688356
-2.006047
-4.015533
-6.223231
-8.369924
-10.373511
-12.224388
-13.935282
-15.523059
-17.002893
-18.386707
-19.682988
-20.897002
-22.031122
-23.085178
-24.056887
-24.942402
-25.737006
-26.435974
-27.035487
-27.533477
-27.930209
-28.228453
-28.433225
-28.551158
-28.589680
-28.556189
-28.457337
-28.298503
-28.083446
-27.814082
-27.490331
-27.109977
-26.668461
-26.158562
-25.569870
-24.887948
-24.092969
-23.157473
-22.042479
-20.690342
-19.010391
-16.846342
-13.888325
-9.359202
-0.203767
-1.374890
-9.323010
-13.201197
-15.584013
-17.149564
-18.162984
-18.745521
-18.949625
-18.782075
-18.204349
-17.110982
-15.259537
-12.022818
-4.992730
-1.770681
-12.852360
-18.296212
-22.070010
-25.048479
-27.565774
-29.787047
-31.807504
-33.688273
-35.472090
-37.191149
-38.871501
-40.535808
-42.205319
-43.901550
-45.648021
-47.472434
-49.409879
-51.508159
-53.837694
-56.512244
-59.739442
-63.975365
-70.639826
-102.167529
-72.778912
-67.495790
-64.861463
-63.354907
-62.531026
-62.224754
