0.022795
0.024017
0.025274
0.026565
0.027893
0.029258
0.030662
0.032104
0.033587
0.035111
0.036678
0.038289
0.039945
0.041647
0.043397
0.045196
0.047045
0.048946
0.050901
0.052910
0.054976
0.057100
0.059283
0.061527
0.063835
0.066207
0.068646
0.071154
0.073732
0.076382
0.079107
0.081909
0.084789
0.087751
0.090796
0.093927
0.097146
0.100456
0.103860
0.107359
0.110957
0.114657
0.118462
0.122374
0.126397
0.130533
0.134787
0.139161
0.143660
0.148285
0.153042
0.157935
0.162966
0.168140
0.173462
0.178935
0.184563
0.190353
0.196307
0.202432
0.208731
0.215211
0.221876
0.228731
0.235784
0.243038
0.250501
0.258178
0.266077
0.274202
0.282562
0.291163
0.300012
0.309117
0.318485
0.328125
0.338045
0.348252
0.358757
0.369567
0.380692
0.392142
0.403927
0.416057
0.428542
0.441394
0.454623
0.468242
0.482263
0.496698
0.511559
0.526862
0.542619
0.558844
0.575553
0.592762
0.610485
0.628739
0.647542
0.666911
0.686864
0.707421
0.728601
0.750424
0.772913
0.796088
0.819972
0.844590
0.869966
0.896125
0.923093
0.950899
0.979571
1.009138
1.039632
1.071085
1.103529
1.137001
1.171536
1.207171
1.243947
1.281904
1.321084
1.361532
1.403295
1.446420
1.490959
1.536963
1.584488
1.633591
1.684332
1.736774
1.790981
1.847023
1.904970
1.964897
2.026883
2.091009
2.157361
2.226027
2.297102
2.370683
2.446872
2.525777
2.607509
2.692184
2.779925
2.870859
2.965117
3.062838
3.164165
3.269246
3.378235
3.491288
3.608570
3.730245
3.856482
3.987450
4.123317
4.264248
4.410404
4.561932
4.718965
4.881616
5.049964
5.224049
5.403855
5.589295
5.780189
5.976237
6.176989
6.381801
6.589793
6.799787
7.010249
7.219209
7.424192
7.622141
7.809356
7.981463
8.133427
8.259645
8.354126
8.410789
8.423863
8.388359
8.300552
8.158376
7.961665
7.712168
7.413339
7.069961
6.687666
6.272461
5.830312
5.366834
4.887091
4.395495
3.895777
3.391023
2.883722
2.375846
1.868921
1.364103
0.862241
0.363937
-0.130408
-0.620551
-1.106378
-1.587871
-2.065090
-2.538157
-3.007240
-3.472543
-3.934295
-4.392750
-4.848174
-5.300847
-5.751059
-6.199105
-6.645288
-7.089914
-7.533295
-7.975746
-8.417588
-8.859146
-9.300751
-9.742740
-10.185459
-10.629259
-11.074506
-11.521575
-11.970854
-12.422747
-12.877676
-13.336083
-13.798432
-14.265213
-14.736946
-15.214182
-15.697511
-16.187564
-16.685018
-17.190605
-17.705115
-18.229406
-18.764409
-19.311143
-19.870716
-20.444341
-21.033348
-21.639186
-22.263437
-22.907817
-23.574172
-24.264454
-24.980679
-25.724833
-26.498706
-27.303595
-28.139797
-29.005765
-29.896716
-30.802475
-31.704347
-32.571262
-33.356636
-33.999606
-34.435822
-34.618827
-34.541244
-34.238576
-33.772051
-33.205484
-32.590676
-31.963588
-31.346573
-30.752247
-30.186920
-29.653057
-29.150897
-28.679444
-28.237079
-27.821902
-27.431945
-27.065277
-26.720064
-26.394601
-26.087316
-25.796769
-25.521652
-25.260772
-25.013047
-24.777492
-24.553212
-24.339390
-24.135282
-23.940207
-23.753540
-23.574708
-23.403181
-23.238471
-23.080124
-22.927715
-22.780847
-22.639145
-22.502252
-22.369823
-22.241524
-22.117024
-21.995988
-21.878070
-21.762907
-21.650100
-21.539202
-21.429694
-21.320957
-21.212226
-21.102537
-20.990637
-20.874872
-20.753002
-20.621955
-20.477434
-20.313354
-20.120966
-19.887559
-19.594487
-19.214258
-18.706359
-18.011509
-17.044152
-15.682202
-13.748159
-10.954709
-6.698760
0.956954
5.655178
-3.005433
-6.904399
-9.132699
-10.558334
-11.522517
-12.193073
-12.663792
-12.991474
-13.212424
-13.350742
-13.422843
-13.440077
-13.410325
-13.338998
-13.229668
-13.084487
-12.904443
-12.689515
-12.438750
-12.150266
-11.821196
-11.447574
-11.024122
-10.543958
-9.998154
-9.375109
-8.659659
-7.831845
-6.865306
-5.725653
-4.370837
-2.762681
-0.927866
0.807743
1.423518
0.119934
-2.202840
-4.576839
-6.714190
-8.597333
-10.264698
-11.756458
-13.104535
-14.332479
-15.457066
-16.489815
-17.438156
-18.306307
-19.095946
-19.806799
-20.437181
-20.984556
-21.446106
-21.819267
-22.102202
-22.294102
-22.395279
-22.407029
-22.331274
-22.170056
-21.924942
-21.596426
-21.183352
-20.682426
-20.087865
-19.391420
-18.583392
-17.656397
-16.616607
-15.513880
-14.509156
-13.956842
-14.289578
-15.568039
-17.403671
-19.410717
-21.401414
-23.319057
-25.162445
-26.950061
-28.706872
-30.460553
-32.241582
-34.085436
-36.036873
-38.157817
-40.543127
-43.356716
-46.932196
-52.160841
-63.787435
-60.102705
-52.161911
-48.386877
-45.961963
-44.207128
-42.848945
-41.749251
-40.827765
-40.032788
-39.327873
-38.684718
-38.078571
-37.484250
-36.871135
-36.194343
-35.375034
-34.246594
-32.366873
-28.016436
-17.692881
-34.338617
-37.898445
-38.244932
-37.961827
-37.601636
-37.262813
-36.958007
-36.683637
-36.433948
-36.203862
-35.989381
-35.787446
-35.595732
-35.412475
-35.236327
-35.066260
-34.901489
-34.741414
-34.585582
-34.433652
-34.285372
-34.140558
-33.999080
-33.860849
-33.725808
-33.593925
-33.465184
-33.339584
-33.217132
-33.097842
-32.981730
-32.868816
-32.759119
-32.652658
-32.549452
-32.449518
-32.352869
-32.259520
-32.169482
-32.082765
-31.999379
-31.919332
-31.842633
-31.769290
-31.699312
-31.632711
-31.569498
-31.509689
-31.453301
-31.400357
-31.350883
-31.304910
-31.262476
-31.223625
-31.188410
-31.156891
-31.129139
-31.105234
-31.085271
-31.069356
-31.057612
-31.050176
-31.047205
