0.045009
0.046642
0.048320
0.050046
0.051819
0.053641
0.055515
0.057441
0.059421
0.061456
0.063548
0.065698
0.067908
0.070180
0.072516
0.074917
0.077385
0.079922
0.082530
0.085211
0.087967
0.090800
0.093712
0.096706
0.099783
0.102947
0.106200
0.109543
0.112980
0.116514
0.120147
0.123881
0.127720
0.131667
0.135725
0.139897
0.144185
0.148594
0.153127
0.157788
0.162579
0.167505
0.172570
0.177777
0.183130
0.188635
0.194294
0.200113
0.206096
0.212248
0.218573
0.225076
0.231763
0.238639
0.245710
0.252980
0.260455
0.268143
0.276047
0.284176
0.292535
0.301131
0.309971
0.319061
0.328410
0.338024
0.347911
0.358080
0.368538
0.379294
0.390357
0.401735
0.413437
0.425474
0.437855
0.450589
0.463689
0.477163
0.491023
0.505281
0.519948
0.535036
0.550558
0.566527
0.582955
0.599857
0.617247
0.635139
0.653548
0.672490
0.691980
0.712035
0.732671
0.753908
0.775761
0.798251
0.821396
0.845216
0.869731
0.894963
0.920934
0.947665
0.975180
1.003502
1.032657
1.062670
1.093567
1.125376
1.158123
1.191838
1.226550
1.262291
1.299091
1.336983
1.376001
1.416179
1.457553
1.500159
1.544035
1.589220
1.635752
1.683675
1.733028
1.783856
1.836202
1.890112
1.945631
2.002808
2.061690
2.122325
2.184765
2.249058
2.315257
2.383411
2.453573
2.525793
2.600122
2.676611
2.755308
2.836261
2.919513
3.005108
3.093084
3.183475
3.276308
3.371604
3.469377
3.569629
3.672349
3.777515
3.885084
3.994996
4.107166
4.221480
4.337795
4.455930
4.575658
4.696707
4.818745
4.941379
5.064142
5.186487
5.307776
5.427275
5.544143
5.657425
5.766049
5.868824
5.964441
6.051483
6.128433
6.193706
6.245666
6.282676
6.303138
6.305543
6.288536
6.250964
6.191931
6.110842
6.007434
5.881788
5.734327
5.565799
5.377236
5.169914
4.945294
4.704967
4.450601
4.183886
3.906494
3.620043
3.326069
3.026007
2.721179
2.412793
2.101934
1.789576
1.476579
1.163703
0.851614
0.540892
0.232040
-0.074506
-0.378372
-0.679235
-0.976817
-1.270881
-1.561222
-1.847666
-2.130063
-2.408281
-2.682210
-2.951750
-3.216816
-3.477331
-3.733226
-3.984438
-4.230908
-4.472583
-4.709409
-4.941335
-5.168313
-5.390290
-5.607217
-5.819043
-6.025714
-6.227177
-6.423374
-6.614248
-6.799736
-6.979776
-7.154300
-7.323240
-7.486523
-7.644073
-7.795810
-7.941652
-8.081513
-8.215301
-8.342921
-8.464275
-8.579259
-8.687764
-8.789676
-8.884874
-8.973234
-9.054623
-9.128902
-9.195924
-9.255535
-9.307572
-9.351862
-9.388225
-9.416469
-9.436392
-9.447779
-9.450409
-9.444045
-9.428442
-9.403344
-9.368487
-9.323602
-9.268416
-9.202660
-9.126072
-9.038413
-8.939476
-8.829104
-8.707219
-8.573853
-8.429189
-8.273626
-8.107847
-7.932916
-7.750400
-7.562514
-7.372286
-7.183750
-7.002121
-6.833940
-6.687119
-6.570799
-6.494956
-6.469672
-6.504101
-6.605254
-6.776881
-7.018752
-7.326563
-7.692521
-8.106380
-8.556657
-9.031719
-9.520590
-10.013420
-10.501688
-10.978200
-11.436977
-11.873105
-12.282561
-12.662070
-13.008975
-13.321139
-13.596863
-13.834827
-14.034037
-14.193780
-14.313588
-14.393196
-14.432506
-14.431558
-14.390505
-14.309601
-14.189223
-14.029918
-13.832523
-13.598365
-13.329611
-13.029804
-12.704703
-12.363480
-12.020343
-11.696436
-11.421435
-11.233544
-11.175906
-11.288059
-11.594231
-12.094493
-12.764852
-13.566198
-14.455883
-15.396001
-16.356694
-17.315874
-18.257329
-19.168483
-20.038369
-20.855970
-21.608925
-22.282651
-22.859959
-23.321341
-23.646042
-23.813812
-23.806835
-23.610932
-23.215048
-22.608359
-21.774766
-20.684249
-19.278844
-17.445857
-14.955697
-11.290776
-5.365081
-4.548481
-11.379401
-15.896028
-19.142580
-21.726109
-23.922463
-25.877153
-27.676721
-29.377391
-31.017875
-32.625066
-34.215575
-35.793563
-37.344063
-38.820832
-40.132005
-41.140530
-41.710608
-41.795414
-41.477129
-40.905611
-40.215702
-39.494888
-38.789666
-38.120884
-37.495566
-36.913914
-36.373034
-35.868815
-35.396837
-34.952784
-34.532621
-34.132644
-33.749491
-33.380123
-33.021824
-32.672218
-32.329336
-31.991752
-31.658854
-31.331323
-31.011965
-30.707137
-30.429123
-30.199921
-30.056779
-30.058849
-30.291628
-30.861776
-31.875900
-33.413376
-35.525307
-38.286938
-41.923052
-47.168983
-57.818046
-57.527538
-49.021340
-45.324084
-43.066031
-41.498221
-40.329350
-39.416210
-38.678240
-38.065899
-37.546686
-37.098184
-36.704279
-36.352954
-36.034945
-35.742865
-35.470629
-35.213042
-34.965509
-34.723815
-34.483952
-34.241978
-33.993901
-33.735581
-33.462635
-33.170367
-32.853697
-32.507109
-32.124604
-31.699662
-31.225211
-30.693584
-30.096438
-29.424621
-28.667909
-27.814553
-26.850516
-25.758226
-24.514531
-23.087343
-21.429984
-19.471509
-17.100912
-14.152749
-10.522094
-7.460866
-8.704729
-11.881894
-14.519424
-16.528269
-18.089505
-19.337255
-20.358368
-21.209975
-21.931047
-22.549149
-23.084401
-23.551888
-23.963179
-24.327318
-24.651493
-24.941497
-25.202055
-25.437063
-25.649764
-25.842879
-26.018710
-26.179212
-26.326064
-26.460707
-26.584389
-26.698193
-26.803066
-26.899835
-26.989226
-27.071880
-27.148361
-27.219171
-27.284752
-27.345498
-27.401758
-27.453843
-27.502029
-27.546561
-27.587658
-27.625509
-27.660285
-27.692132
-27.721179
-27.747535
-27.771290
-27.792519
-27.811281
-27.827616
-27.841551
-27.853092
-27.862232
-27.868942
-27.873175
-27.874862
