-42.513864
-42.523976
-42.534381
-42.545087
-42.556105
-42.567443
-42.579111
-42.591119
-42.603478
-42.616198
-42.629291
-42.642767
-42.656639
-42.670919
-42.685620
-42.700755
-42.716336
-42.732379
-42.748898
-42.765908
-42.783425
-42.801464
-42.820042
-42.839177
-42.858886
-42.879188
-42.900103
-42.921650
-42.943849
-42.966723
-42.990294
-43.014585
-43.039619
-43.065422
-43.092019
-43.119438
-43.147707
-43.176854
-43.206910
-43.237907
-43.269876
-43.302853
-43.336873
-43.371973
-43.408191
-43.445568
-43.484146
-43.523970
-43.565083
-43.607536
-43.651377
-43.696660
-43.743439
-43.791771
-43.841717
-43.893340
-43.946706
-44.001884
-44.058948
-44.117973
-44.179042
-44.242238
-44.307650
-44.375374
-44.445508
-44.518158
-44.593433
-44.671452
-44.752337
-44.836221
-44.923242
-45.013549
-45.107298
-45.204655
-45.305800
-45.410921
-45.520219
-45.633912
-45.752230
-45.875419
-46.003746
-46.137494
-46.276969
-46.422501
-46.574445
-46.733185
-46.899133
-47.072740
-47.254490
-47.444913
-47.644581
-47.854119
-48.074207
-48.305586
-48.549065
-48.805524
-49.075924
-49.361311
-49.662817
-49.981667
-50.319171
-50.676717
-51.055745
-51.457703
-51.883970
-52.335724
-52.813721
-53.317948
-53.847063
-54.397528
-54.962325
-55.529131
-56.078050
-56.579392
-56.992958
-57.271277
-57.369040
-57.257259
-56.934787
-56.428814
-55.783935
-55.047866
-54.261537
-53.455436
-52.650129
-51.858424
-51.087670
-50.341614
-49.621727
-48.928100
-48.260017
-47.616324
-46.995649
-46.396545
-45.817568
-45.257324
-44.714493
-44.187845
-43.676238
-43.178617
-42.694015
-42.221544
-41.760387
-41.309798
-40.869090
-40.437633
-40.014849
-39.600204
-39.193207
-38.793405
-38.400380
-38.013743
-37.633137
-37.258228
-36.888706
-36.524283
-36.164690
-35.809678
-35.459011
-35.112470
-34.769851
-34.430959
-34.095616
-33.763649
-33.434900
-33.109216
-32.786456
-32.466485
-32.149175
-31.834406
-31.522064
-31.212041
-30.904233
-30.598543
-30.294877
-29.993148
-29.693271
-29.395165
-29.098753
-28.803962
-28.510721
-28.218964
-27.928625
-27.639643
-27.351959
-27.065515
-26.780256
-26.496130
-26.213085
-25.931074
-25.650047
-25.369960
-25.090769
-24.812430
-24.534902
-24.258144
-23.982119
-23.706787
-23.432113
-23.158059
-22.884592
-22.611677
-22.339280
-22.067370
-21.795913
-21.524880
-21.254240
-20.983962
-20.714016
-20.444375
-20.175009
-19.905889
-19.636988
-19.368279
-19.099734
-18.831325
-18.563027
-18.294811
-18.026653
-17.758524
-17.490399
-17.222251
-16.954054
-16.685782
-16.417407
-16.148903
-15.880243
-15.611401
-15.342349
-15.073059
-14.803505
-14.533657
-14.263489
-13.992969
-13.722071
-13.450764
-13.179017
-12.906800
-12.634082
-12.360830
-12.087013
-11.812595
-11.537545
-11.261825
-10.985401
-10.708235
-10.430289
-10.151524
-9.871901
-9.591377
-9.309910
-9.027456
-8.743969
-8.459403
-8.173707
-7.886832
-7.598726
-7.309333
-7.018598
-6.726462
-6.432864
-6.137740
-5.841024
-5.542648
-5.242538
-4.940620
-4.636815
-4.331041
-4.023212
-3.713237
-3.401022
-3.086466
-2.769466
-2.449911
-2.127685
-1.802666
-1.474725
-1.143726
-0.809524
-0.471967
-0.130893
0.213870
0.562505
0.915205
1.272178
1.633644
1.999841
2.371020
2.747452
3.129429
3.517262
3.911289
4.311874
4.719411
5.134324
5.557078
5.988176
6.428167
6.877653
7.337292
7.807807
8.289996
8.784739
9.293013
9.815901
10.354610
10.910492
11.485057
12.080005
12.697247
13.338940
14.007515
14.705714
15.436614
16.203641
17.010553
17.861343
18.760016
19.710074
20.713482
21.768630
22.866499
23.983879
25.072869
26.049247
26.792172
27.177967
27.148418
26.753008
26.112704
25.350727
24.554969
23.776228
23.039540
22.354975
21.724735
21.147198
20.619078
20.136532
19.695695
19.292938
18.924962
18.588831
18.281952
18.002058
17.747174
17.515586
17.305811
17.116577
16.946794
16.795543
16.662057
16.545712
16.446015
16.362602
16.295232
16.243788
16.208279
16.188846
16.185769
16.199482
16.230589
16.279891
16.348412
16.437444
16.548602
16.683890
16.845800
17.037439
17.262700
17.526502
17.835134
18.196742
18.622053
19.125483
19.726879
20.454364
21.349185
22.474287
23.929675
25.876513
28.525820
31.478032
30.784242
26.355148
22.161247
18.597454
15.408922
12.368255
9.268677
5.850614
1.636353
-4.757246
-23.431413
-6.094869
-0.006456
3.730022
6.703058
9.495331
12.518421
16.293498
21.584133
23.822469
17.957673
13.372602
9.980171
7.223338
4.828323
2.648820
0.596483
-1.388903
-3.354051
-5.340846
-7.393178
-9.564682
-11.930962
-14.614066
-17.842194
-22.132294
-29.023025
-34.506526
-25.729978
-20.841344
-17.353157
-14.209968
-10.675104
-5.412724
8.397806
-4.438012
-11.892580
-16.779550
-20.806607
-24.518731
-28.199191
-32.072403
-36.411473
-41.713735
-49.404357
-69.518692
-53.755579
-49.778020
-48.558840
-48.714835
-49.995441
-52.686909
-58.306953
-80.992885
-56.252937
-50.197312
-46.543801
-43.934080
-41.922163
-40.303149
-38.964861
-37.838773
-36.879757
-36.056426
-35.346024
-34.731517
-34.199822
-33.740679
-33.345910
-33.008903
-32.724258
-32.487522
-32.295002
-32.143621
-32.030813
-31.954435
-31.912706
-31.904157
-31.927592
-31.982058
-32.066824
-32.181359
-32.325325
-32.498568
-32.701114
-32.933171
-33.195130
-33.487580
-33.811313
-34.167352
-34.556966
-34.981712
-35.443469
-35.944498
-36.487509
-37.075751
-37.713134
-38.404387
-39.155273
-39.972878
-40.866030
-41.845886
-42.926800
-44.127652
-45.473921
-47.001095
-48.760476
-50.829415
-53.329188
-56.447823
-60.361285
-63.940460
-62.920969
-59.829413
-57.440458
-55.808057
-54.740488
-54.116454
-53.877356
