-24.071755
-24.071230
-24.070690
-24.070135
-24.069565
-24.068978
-24.068376
-24.067757
-24.067120
-24.066466
-24.065794
-24.065103
-24.064392
-24.063663
-24.062912
-24.062141
-24.061348
-24.060534
-24.059697
-24.058836
-24.057951
-24.057042
-24.056108
-24.055148
-24.054160
-24.053146
-24.052103
-24.051031
-24.049930
-24.048798
-24.047634
-24.046438
-24.045208
-24.043945
-24.042646
-24.041311
-24.039939
-24.038529
-24.037080
-24.035590
-24.034059
-24.032485
-24.030868
-24.029205
-24.027496
-24.025740
-24.023935
-24.022079
-24.020172
-24.018212
-24.016197
-24.014126
-24.011998
-24.009810
-24.007561
-24.005250
-24.002874
-24.000432
-23.997923
-23.995343
-23.992691
-23.989966
-23.987165
-23.984285
-23.981326
-23.978284
-23.975157
-23.971943
-23.968639
-23.965244
-23.961754
-23.958166
-23.954479
-23.950689
-23.946793
-23.942788
-23.938672
-23.934441
-23.930092
-23.925622
-23.921027
-23.916304
-23.911449
-23.906459
-23.901329
-23.896057
-23.890637
-23.885065
-23.879338
-23.873452
-23.867401
-23.861180
-23.854786
-23.848214
-23.841457
-23.834512
-23.827373
-23.820034
-23.812490
-23.804735
-23.796763
-23.788568
-23.780144
-23.771484
-23.762581
-23.753429
-23.744021
-23.734350
-23.724407
-23.714186
-23.703678
-23.692876
-23.681770
-23.670354
-23.658616
-23.646550
-23.634144
-23.621391
-23.608279
-23.594798
-23.580939
-23.566690
-23.552040
-23.536978
-23.521492
-23.505570
-23.489200
-23.472368
-23.455062
-23.437268
-23.418972
-23.400160
-23.380816
-23.360926
-23.340474
-23.319444
-23.297819
-23.275582
-23.252715
-23.229200
-23.205019
-23.180152
-23.154579
-23.128280
-23.101234
-23.073419
-23.044813
-23.015392
-22.985133
-22.954012
-22.922003
-22.889080
-22.855216
-22.820384
-22.784555
-22.747700
-22.709789
-22.670790
-22.630671
-22.589399
-22.546940
-22.503258
-22.458316
-22.412077
-22.364503
-22.315553
-22.265185
-22.213357
-22.160025
-22.105143
-22.048664
-21.990539
-21.930718
-21.869150
-21.805780
-21.740553
-21.673412
-21.604296
-21.533146
-21.459898
-21.384485
-21.306841
-21.226894
-21.144572
-21.059799
-20.972498
-20.882588
-20.789985
-20.694602
-20.596349
-20.495133
-20.390858
-20.283422
-20.172721
-20.058648
-19.941090
-19.819931
-19.695048
-19.566317
-19.433607
-19.296780
-19.155695
-19.010205
-18.860155
-18.705386
-18.545731
-18.381015
-18.211058
-18.035669
-17.854650
-17.667795
-17.474888
-17.275701
-17.070000
-16.857535
-16.638047
-16.411263
-16.176899
-15.934653
-15.684210
-15.425238
-15.157389
-14.880294
-14.593566
-14.296795
-13.989549
-13.671372
-13.341778
-13.000256
-12.646261
-12.279216
-11.898506
-11.503477
-11.093430
-10.667622
-10.225254
-9.765474
-9.287364
-8.789942
-8.272146
-7.732833
-7.170768
-6.584612
-5.972913
-5.334091
-4.666427
-3.968040
-3.236876
-2.470681
-1.666982
-0.823064
0.064062
0.997673
1.981360
3.019031
4.114897
5.273404
6.499094
7.796297
9.168569
10.617652
12.141655
13.731994
15.368695
17.014289
18.608947
20.073994
21.333225
22.349465
23.149528
23.811959
24.430081
25.081661
25.816415
26.653002
27.575054
28.521993
29.381921
30.012080
30.310868
30.296237
30.096156
29.864552
29.718791
29.726798
29.914161
30.266254
30.716309
31.125086
31.289437
31.041654
30.391532
29.520956
28.640452
27.897613
27.374798
27.113779
27.132109
27.421991
27.922650
28.450903
28.622443
27.988758
26.470521
24.354675
21.837660
18.910729
15.548284
11.844994
7.969983
4.068193
0.225935
-3.516307
-7.143968
-10.655084
-14.053258
-17.344314
-20.534778
-23.631219
-26.639965
-29.566991
-32.417882
-35.197831
-37.911646
-40.563776
-43.158329
-45.699096
-48.189576
-50.632998
-53.032344
-55.390370
-57.709623
-59.992464
-62.241079
-64.457497
-66.643605
-68.801158
-70.931794
-73.037040
-75.118326
-77.176990
-79.214288
-81.231402
-83.229444
-85.209463
-87.172450
-89.119346
-91.051042
-92.968386
-94.872187
-96.763217
-98.642214
-100.509890
-102.366928
-104.213986
-106.051704
-107.880700
-109.701578
-111.514929
-113.321329
-115.121349
-116.915550
-118.704491
-120.488729
-122.268819
-124.045323
-125.818805
-127.589843
-129.359023
-131.126948
-132.894242
-134.661552
-136.429554
-138.198960
-139.970521
-141.745037
-143.523366
-145.306430
-147.095232
-148.890865
-150.694533
-152.507568
-154.331456
-156.167867
-158.018692
-159.886092
-161.772555
-163.680975
-165.614752
-167.577928
-169.575360
-171.612971
-173.698094
-175.839971
-178.050487
-180.345302
-182.745658
-185.281405
-187.996423
-190.959099
-194.284886
-198.192824
-203.185009
-210.942501
-232.787581
-212.103487
-207.758869
-205.677868
-204.556300
-203.967140
-203.716379
-203.699312
-203.852952
-204.136441
-204.521763
-204.988865
-205.522896
-206.112549
-206.749015
-207.425293
-208.135724
-208.875668
-209.641273
-210.429298
-211.236995
-212.062007
-212.902297
-213.756090
-214.621831
-215.498144
-216.383805
-217.277721
-218.178907
-219.086474
-219.999611
-220.917578
-221.839696
-222.765336
-223.693918
-224.624898
-225.557771
-226.492058
-227.427310
-228.363101
-229.299024
-230.234692
-231.169733
-232.103788
-233.036510
-233.967564
-234.896622
-235.823365
-236.747478
-237.668654
-238.586589
-239.500982
-240.411534
-241.317948
-242.219929
-243.117180
-244.009406
-244.896307
-245.777585
-246.652936
-247.522057
-248.384637
-249.240364
-250.088920
-250.929982
-251.763220
-252.588299
-253.404877
-254.212604
-255.011123
-255.800067
-256.579060
-257.347718
-258.105644
-258.852432
-259.587663
-260.310908
-261.021723
-261.719651
-262.404219
-263.074941
-263.731315
-264.372819
-264.998917
-265.609051
-266.202644
-266.779100
-267.337799
-267.878097
-268.399327
-268.900794
-269.381779
-269.841530
-270.279266
-270.694173
-271.085404
-271.452073
-271.793257
-272.107990
-272.395265
-272.654024
-272.883164
-273.081527
-273.247896
-273.380999
-273.479495
-273.541976
-273.566960
