0.024473
0.025697
0.026957
0.028251
0.029581
0.030949
0.032355
0.033800
0.035286
0.036813
0.038383
0.039997
0.041656
0.043362
0.045115
0.046918
0.048771
0.050676
0.052634
0.054647
0.056717
0.058845
0.061032
0.063281
0.065593
0.067970
0.070414
0.072926
0.075510
0.078165
0.080896
0.083703
0.086589
0.089556
0.092608
0.095745
0.098970
0.102287
0.105697
0.109203
0.112808
0.116515
0.120327
0.124247
0.128277
0.132422
0.136684
0.141067
0.145574
0.150209
0.154975
0.159877
0.164918
0.170102
0.175434
0.180917
0.186557
0.192357
0.198323
0.204460
0.210771
0.217263
0.223941
0.230810
0.237876
0.245144
0.252621
0.260313
0.268227
0.276368
0.284743
0.293360
0.302227
0.311349
0.320735
0.330393
0.340332
0.350559
0.361083
0.371914
0.383060
0.394532
0.406338
0.418491
0.430999
0.443875
0.457129
0.470774
0.484821
0.499282
0.514172
0.529503
0.545289
0.561544
0.578284
0.595524
0.613279
0.631567
0.650404
0.669809
0.689798
0.710392
0.731611
0.753474
0.776003
0.799219
0.823147
0.847809
0.873229
0.899435
0.926451
0.954306
0.983028
1.012648
1.043195
1.074702
1.107203
1.140733
1.175327
1.211023
1.247862
1.285883
1.325130
1.365646
1.407479
1.450677
1.495289
1.541370
1.588973
1.638157
1.688980
1.741507
1.795801
1.851933
1.909972
1.969994
2.032077
2.096304
2.162758
2.231530
2.302714
2.376407
2.452711
2.531734
2.613587
2.698387
2.786256
2.877321
2.971715
3.069575
3.171045
3.276273
3.385413
3.498622
3.616063
3.737902
3.864308
3.995449
4.131494
4.272609
4.418952
4.570673
4.727906
4.890761
5.059319
5.233619
5.413647
5.599315
5.790444
5.986733
6.187732
6.392799
6.601052
6.811315
7.022053
7.231297
7.436572
7.634821
7.822344
7.994768
8.147058
8.273611
8.368436
8.425452
8.438890
8.403760
8.316337
8.174556
7.978250
7.729170
7.430770
7.087832
6.705990
6.291250
5.849580
5.386594
4.907357
4.416279
3.917096
3.412890
2.906153
2.398857
1.892528
1.388323
0.887091
0.389434
-0.104246
-0.593706
-1.078830
-1.559600
-2.036077
-2.508382
-2.976680
-3.441176
-3.902100
-4.359703
-4.814251
-5.266024
-5.715311
-6.162406
-6.607612
-7.051233
-7.493581
-7.934971
-8.375722
-8.816158
-9.256610
-9.697414
-10.138914
-10.581463
-11.025423
-11.471168
-11.919087
-12.369582
-12.823074
-13.280003
-13.740834
-14.206054
-14.676182
-15.151769
-15.633402
-16.121711
-16.617374
-17.121119
-17.633735
-18.156079
-18.689082
-19.233758
-19.791216
-20.362668
-20.949439
-21.552979
-22.174869
-22.816821
-23.480679
-24.168395
-24.881981
-25.623423
-26.394507
-27.196529
-28.029783
-28.892720
-29.780556
-30.683112
-31.581691
-32.445220
-33.227111
-33.866502
-34.299038
-34.478259
-34.396786
-34.090117
-33.619478
-33.048682
-32.429525
-31.797965
-31.176351
-30.577297
-30.007108
-29.468245
-28.960943
-28.484204
-28.036401
-27.615633
-27.219926
-26.847344
-26.496050
-26.164333
-25.850615
-25.553453
-25.271531
-25.003654
-24.748730
-24.505772
-24.273877
-24.052222
-23.840057
-23.636694
-23.441501
-23.253899
-23.073350
-22.899359
-22.731463
-22.569230
-22.412256
-22.260155
-22.112563
-21.969126
-21.829500
-21.693344
-21.560314
-21.430054
-21.302190
-21.176311
-21.051960
-20.928607
-20.805619
-20.682220
-20.557433
-20.429992
-20.298227
-20.159887
-20.011883
-19.849905
-19.667849
-19.456954
-19.204488
-18.891790
-18.491350
-17.962635
-17.246347
-16.256908
-14.872211
-12.914735
-10.097145
-5.816325
1.865016
6.589646
-2.043753
-5.914674
-8.114070
-9.509912
-10.443384
-11.082278
-11.520353
-11.814375
-12.000615
-12.103137
-12.138315
-12.117463
-12.048422
-11.936556
-11.785396
-11.597046
-11.372448
-11.111529
-10.813283
-10.475773
-10.096077
-9.670167
-9.192703
-8.656739
-8.053277
-7.370643
-6.593601
-5.702111
-4.669732
-3.461986
-2.036733
-0.355703
1.554526
3.368193
4.064782
2.844885
0.608792
-1.675397
-3.719676
-5.506337
-7.073658
-8.461648
-9.702056
-10.818251
-11.826813
-12.739055
-13.562187
-14.300193
-14.954501
-15.524567
-16.008424
-16.403227
-16.705828
-16.913312
-17.023459
-17.035048
-16.947946
-16.762969
-16.481514
-16.105051
-15.634527
-15.069752
-14.408823
-13.647621
-12.779450
-11.795052
-10.683600
-9.436449
-8.058355
-6.597573
-5.213223
-4.257628
-4.161030
-4.981321
-6.326689
-7.807524
-9.231464
-10.536244
-11.713842
-12.774243
-13.731627
-14.599667
-15.390185
-16.112976
-16.776005
-17.385680
-17.947117
-18.464356
-18.940537
-19.378033
-19.778541
-20.143156
-20.472407
-20.766272
-21.024170
-21.244918
-21.426660
-21.566743
-21.661530
-21.706109
-21.693835
-21.615607
-21.458633
-21.204263
-20.823859
-20.270210
-19.457496
-18.206455
-16.054621
-11.250866
-0.242737
-15.890183
-17.991938
-16.131506
-12.226388
-5.677743
-8.344431
-14.951674
-19.253155
-22.441239
-25.027340
-27.245563
-29.220888
-31.028305
-32.717147
-34.322539
-35.871412
-37.385990
-38.886071
-40.390732
-41.919876
-43.495943
-45.146194
-46.906226
-48.826037
-50.981698
-53.500716
-56.627036
-60.936344
-68.522546
-79.892739
-65.411866
-60.582157
-57.707890
-55.701915
-54.186425
-52.985183
-52.001753
-51.177708
-50.475045
-49.867710
-49.337113
-48.869558
-48.454692
-48.084524
-47.752777
-47.454450
-47.185510
-46.942672
-46.723243
-46.525001
-46.346106
-46.185034
-46.040527
-45.911549
-45.797261
-45.696996
-45.610240
-45.536623
-45.475910
-45.427997
-45.392912
-45.370816
-45.362015
