0.008941
0.009886
0.010857
0.011854
0.012880
0.013934
0.015018
0.016132
0.017277
0.018454
0.019664
0.020908
0.022186
0.023500
0.024851
0.026239
0.027667
0.029134
0.030642
0.032192
0.033786
0.035424
0.037108
0.038839
0.040618
0.042448
0.044328
0.046261
0.048248
0.050291
0.052391
0.054550
0.056769
0.059050
0.061396
0.063807
0.066286
0.068834
0.071454
0.074147
0.076916
0.079762
0.082689
0.085697
0.088790
0.091971
0.095240
0.098602
0.102058
0.105611
0.109265
0.113021
0.116883
0.120854
0.124937
0.129135
0.133451
0.137890
0.142454
0.147146
0.151972
0.156933
0.162036
0.167282
0.172677
0.178225
0.183931
0.189798
0.195832
0.202037
0.208418
0.214981
0.221731
0.228672
0.235812
0.243155
0.250707
0.258475
0.266465
0.274683
0.283137
0.291832
0.300777
0.309978
0.319443
0.329180
0.339197
0.349502
0.360105
0.371012
0.382235
0.393782
0.405662
0.417887
0.430466
0.443409
0.456729
0.470436
0.484542
0.499059
0.514000
0.529377
0.545204
0.561495
0.578263
0.595524
0.613293
0.631585
0.650417
0.669805
0.689767
0.710320
0.731484
0.753276
0.775717
0.798828
0.822629
0.847143
0.872391
0.898397
0.925186
0.952783
0.981212
1.010502
1.040679
1.071772
1.103812
1.136827
1.170851
1.205916
1.242055
1.279305
1.317700
1.357278
1.398079
1.440141
1.483507
1.528218
1.574319
1.621855
1.670872
1.721418
1.773544
1.827299
1.882736
1.939909
1.998871
2.059678
2.122388
2.187058
2.253746
2.322513
2.393416
2.466515
2.541868
2.619535
2.699570
2.782028
2.866960
2.954413
3.044429
3.137042
3.232280
3.330159
3.430682
3.533839
3.639598
3.747906
3.858684
3.971820
4.087163
4.204517
4.323634
4.444203
4.565838
4.688073
4.810342
4.931970
5.052158
5.169966
5.284304
5.393914
5.497367
5.593053
5.679187
5.753820
5.814862
5.860120
5.887349
5.894322
5.878909
5.839169
5.773438
5.680424
5.559270
5.409615
5.231604
5.025889
4.793578
4.536177
4.255501
3.953586
3.632598
3.294743
2.942199
2.577059
2.201281
1.816672
1.424858
1.027293
0.625248
0.219827
-0.188022
-0.597499
-1.007934
-1.418770
-1.829558
-2.239932
-2.649610
-3.058373
-3.466060
-3.872562
-4.277809
-4.681767
-5.084435
-5.485836
-5.886013
-6.285030
-6.682965
-7.079910
-7.475967
-7.871248
-8.265872
-8.659967
-9.053663
-9.447098
-9.840411
-10.233748
-10.627256
-11.021083
-11.415382
-11.810305
-12.206007
-12.602644
-13.000371
-13.399344
-13.799717
-14.201645
-14.605280
-15.010769
-15.418259
-15.827887
-16.239786
-16.654079
-17.070876
-17.490273
-17.912349
-18.337159
-18.764728
-19.195050
-19.628077
-20.063707
-20.501780
-20.942061
-21.384229
-21.827856
-22.272394
-22.717149
-23.161264
-23.603689
-24.043163
-24.478187
-24.907006
-25.327601
-25.737685
-26.134716
-26.515939
-26.878442
-27.219247
-27.535430
-27.824254
-28.083334
-28.310780
-28.505338
-28.666487
-28.794484
-28.890351
-28.955812
-28.993173
-29.005184
-28.994881
-28.965436
-28.920029
-28.861742
-28.793483
-28.717936
-28.637536
-28.554463
-28.470651
-28.387799
-28.307402
-28.230766
-28.159043
-28.093251
-28.034298
-27.983007
-27.940129
-27.906365
-27.882375
-27.868788
-27.866211
-27.875226
-27.896385
-27.930199
-27.977107
-28.037441
-28.111352
-28.198717
-28.298994
-28.411006
-28.532640
-28.660430
-28.788986
-28.910278
-29.012793
-29.080739
-29.093604
-29.026633
-28.852877
-28.547105
-28.090895
-27.476975
-26.710573
-25.806927
-24.786223
-23.668219
-22.468199
-21.194580
-19.847614
-18.418373
-16.887253
-15.221488
-13.371953
-11.273682
-8.877337
-6.352716
-4.809942
-5.876321
-8.492177
-11.162536
-13.539869
-15.641198
-17.523795
-19.225775
-20.759262
-22.112462
-23.255653
-24.153192
-24.781159
-25.142991
-25.272587
-25.223082
-25.050642
-24.803056
-24.515702
-24.212397
-23.908061
-23.611436
-23.327224
-23.057592
-22.803161
-22.563641
-22.338225
-22.125831
-21.925249
-21.735229
-21.554522
-21.381910
-21.216213
-21.056286
-20.901018
-20.749315
-20.600093
-20.452253
-20.304669
-20.156159
-20.005462
-19.851201
-19.691847
-19.525664
-19.350653
-19.164467
-18.964312
-18.746817
-18.507865
-18.242389
-17.944122
-17.605350
-17.216793
-16.768011
-16.249532
-15.660174
-15.029343
-14.477736
-14.338249
-15.189288
-17.388538
-20.655682
-24.600856
-29.155282
-34.332820
-38.093397
-36.748683
-34.329748
-32.621083
-31.528277
-30.896300
-30.662449
-30.842828
-31.364299
-29.985952
-20.767184
-17.143930
-20.110962
-21.588703
-22.367853
-22.835098
-23.145694
-23.370937
-23.547410
-23.695524
-23.827416
-23.950678
-24.070257
-24.189491
-24.310694
-24.435516
-24.565155
-24.700502
-24.842228
-24.990849
-25.146763
-25.310283
-25.481656
-25.661078
-25.848705
-26.044662
-26.249048
-26.461942
-26.683408
-26.913498
-27.152253
-27.399710
-27.655900
-27.920853
-28.194602
-28.477181
-28.768630
-29.068997
-29.378340
-29.696728
-30.024247
-30.360997
-30.707099
-31.062694
-31.427949
-31.803058
-32.188243
-32.583761
-32.989905
-33.407008
-33.835449
-34.275656
-34.728109
-35.193352
-35.671996
-36.164728
-36.672318
-37.195636
-37.735657
-38.293484
-38.870360
-39.467694
-40.087087
-40.730363
-41.399614
-42.097243
-42.826035
-43.589236
-44.390655
-45.234807
-46.127093
-47.074052
-48.083709
-49.166072
-50.333858
-51.603597
-52.997373
-54.545725
-56.292743
-58.305817
-60.696231
-63.669611
-67.680420
-74.147207
-105.503721
-75.969721
-70.566612
-67.837536
-66.261562
-65.393948
-65.070254
