-12.034590
-12.034020
-12.033434
-12.032831
-12.032212
-12.031575
-12.030921
-12.030248
-12.029557
-12.028846
-12.028115
-12.027364
-12.026592
-12.025799
-12.024983
-12.024144
-12.023282
-12.022396
-12.021485
-12.020549
-12.019586
-12.018597
-12.017579
-12.016534
-12.015459
-12.014353
-12.013217
-12.012049
-12.010849
-12.009614
-12.008346
-12.007041
-12.005700
-12.004321
-12.002904
-12.001446
-11.999948
-11.998408
-11.996824
-11.995196
-11.993522
-11.991801
-11.990032
-11.988212
-11.986342
-11.984419
-11.982441
-11.980408
-11.978318
-11.976168
-11.973958
-11.971686
-11.969349
-11.966946
-11.964475
-11.961935
-11.959322
-11.956635
-11.953873
-11.951032
-11.948110
-11.945105
-11.942016
-11.938838
-11.935570
-11.932209
-11.928752
-11.925197
-11.921540
-11.917779
-11.913911
-11.909932
-11.905839
-11.901629
-11.897299
-11.892844
-11.888262
-11.883548
-11.878698
-11.873709
-11.868577
-11.863296
-11.857863
-11.852273
-11.846522
-11.840604
-11.834514
-11.828248
-11.821800
-11.815164
-11.808335
-11.801307
-11.794074
-11.786629
-11.778966
-11.771079
-11.762960
-11.754602
-11.745998
-11.737140
-11.728020
-11.718631
-11.708963
-11.699007
-11.688756
-11.678199
-11.667326
-11.656128
-11.644594
-11.632713
-11.620475
-11.607867
-11.594877
-11.581493
-11.567703
-11.553492
-11.538846
-11.523752
-11.508195
-11.492158
-11.475625
-11.458580
-11.441006
-11.422883
-11.404194
-11.384919
-11.365037
-11.344526
-11.323366
-11.301532
-11.279001
-11.255747
-11.231746
-11.206968
-11.181387
-11.154972
-11.127692
-11.099516
-11.070408
-11.040335
-11.009258
-10.977140
-10.943940
-10.909614
-10.874120
-10.837409
-10.799434
-10.760142
-10.719480
-10.677392
-10.633816
-10.588691
-10.541950
-10.493524
-10.443339
-10.391317
-10.337377
-10.281432
-10.223390
-10.163155
-10.100623
-10.035686
-9.968228
-9.898126
-9.825249
-9.749459
-9.670607
-9.588535
-9.503074
-9.414043
-9.321248
-9.224482
-9.123523
-9.018129
-8.908044
-8.792987
-8.672659
-8.546733
-8.414856
-8.276642
-8.131674
-7.979493
-7.819599
-7.651444
-7.474422
-7.287866
-7.091038
-6.883118
-6.663190
-6.430230
-6.183088
-5.920463
-5.640878
-5.342650
-5.023844
-4.682224
-4.315185
-3.919672
-3.492063
-3.028029
-2.522329
-1.968539
-1.358672
-0.682631
0.072601
0.924176
1.895297
3.018311
4.339923
5.930139
7.897155
10.403320
13.585163
16.500547
15.369278
11.803727
8.678280
6.196925
4.181523
2.493293
1.042406
-0.229778
-1.362917
-2.384821
-3.315639
-4.170374
-4.960472
-5.694838
-6.380529
-7.023216
-7.627522
-8.197261
-8.735611
-9.245247
-9.728445
-10.187153
-10.623057
-11.037625
-11.432150
-11.807775
-12.165522
-12.506313
-12.830984
-13.140302
-13.434971
-13.715651
-13.982955
-14.237465
-14.479729
-14.710271
-14.929593
-15.138177
-15.336488
-15.524973
-15.704068
-15.874193
-16.035757
-16.189156
-16.334773
-16.472983
-16.604146
-16.728613
-16.846721
-16.958800
-17.065164
-17.166120
-17.261962
-17.352973
-17.439425
-17.521580
-17.599690
-17.673995
-17.744726
-17.812103
-17.876338
-17.937632
-17.996178
-18.052157
-18.105744
-18.157105
-18.206395
-18.253762
-18.299344
-18.343271
-18.385663
-18.426630
-18.466271
-18.504673
-18.541910
-18.578042
-18.613111
-18.647138
-18.680122
-18.712030
-18.742799
-18.772319
-18.800429
-18.826906
-18.851443
-18.873636
-18.892956
-18.908719
-18.920048
-18.925823
-18.924624
-18.914657
-18.893666
-18.858828
-18.806635
-18.732762
-18.631928
-18.497772
-18.322756
-18.098133
-17.814014
-17.459567
-17.023353
-16.493781
-15.859574
-15.110111
-14.235447
-13.225817
-12.070479
-10.755725
-9.261813
-7.558202
-5.595657
-3.291879
-0.503028
3.032014
7.703140
12.057570
9.571069
5.832244
3.260565
1.488418
0.228308
-0.678786
-1.323393
-1.758910
-2.016765
-2.113998
-2.057061
-1.843534
-1.462486
-0.893716
-0.105785
0.947621
2.333714
4.148990
6.519461
9.497272
12.269037
12.074575
9.561280
7.216721
5.497372
4.311151
3.544433
3.118777
2.986584
3.124115
3.527930
4.214761
5.224786
6.628402
8.533564
11.063428
14.082499
15.934580
14.651070
12.554038
11.186618
10.685943
10.884718
11.322002
10.975683
9.126278
6.498826
3.910550
1.615071
-0.380257
-2.123175
-3.663228
-5.041111
-6.288431
-7.429468
-8.482968
-9.463549
-10.382754
-11.249810
-12.072185
-12.855996
-13.606307
-14.327353
-15.022714
-15.695439
-16.348150
-16.983119
-17.602324
-18.207506
-18.800197
-19.381760
-19.953404
-20.516210
-21.071140
-21.619051
-22.160700
-22.696746
-23.227756
-23.754195
-24.276418
-24.794666
-25.309035
-25.819463
-26.325687
-26.827204
-27.323214
-27.812547
-28.293578
-28.764114
-29.221271
-29.661322
-30.079546
-30.470068
-30.825729
-31.138024
-31.397141
-31.592161
-31.711451
-31.743222
-31.676191
-31.500157
-31.206301
-30.786989
-30.234991
-29.542120
-28.697479
-27.685720
-26.486464
-25.078805
-23.464863
-21.757684
-20.412314
-20.311380
-21.727643
-23.856520
-26.043574
-28.083941
-29.960212
-31.703293
-33.351065
-34.938909
-36.499016
-38.062021
-39.659458
-41.326971
-43.109056
-45.067100
-47.295082
-49.955294
-53.377363
-58.437517
-69.711611
-66.430131
-58.253499
-54.347202
-51.815866
-49.969663
-48.533241
-47.368735
-46.397310
-45.569719
-44.853191
-44.224845
-43.668104
-43.170587
-42.722818
-42.317393
-41.948425
-41.611161
-41.301716
-41.016874
-40.753950
-40.510682
-40.285147
-40.075703
-39.880936
-39.699625
-39.530710
-39.373264
-39.226482
-39.089655
-38.962163
-38.843462
-38.733075
-38.630586
-38.535633
-38.447901
-38.367121
-38.293068
-38.225551
-38.164423
-38.109566
-38.060904
-38.018390
-37.982018
-37.951815
-37.927848
-37.910224
-37.899092
-37.894651
