0.135900
0.140098
0.144414
0.148850
0.153410
0.158099
0.162918
0.167873
0.172966
0.178202
0.183585
0.189119
0.194808
0.200657
0.206670
0.212851
0.219206
0.225740
0.232457
0.239362
0.246462
0.253761
0.261266
0.268981
0.276913
0.285069
0.293454
0.302075
0.310939
0.320053
0.329423
0.339057
0.348963
0.359148
0.369621
0.380389
0.391461
0.402845
0.414551
0.426587
0.438964
0.451690
0.464777
0.478233
0.492070
0.506298
0.520929
0.535974
0.551445
0.567354
0.583714
0.600537
0.617837
0.635627
0.653922
0.672735
0.692081
0.711976
0.732435
0.753474
0.775109
0.797357
0.820236
0.843763
0.867956
0.892835
0.918417
0.944723
0.971773
0.999586
1.028185
1.057590
1.087824
1.118908
1.150865
1.183718
1.217492
1.252209
1.287894
1.324571
1.362266
1.401002
1.440806
1.481702
1.523716
1.566872
1.611195
1.656710
1.703441
1.751410
1.800641
1.851154
1.902970
1.956107
2.010581
2.066406
2.123594
2.182152
2.242085
2.303392
2.366068
2.430101
2.495474
2.562161
2.630126
2.699324
2.769698
2.841178
2.913679
2.987098
3.061315
3.136187
3.211546
3.287200
3.362924
3.438463
3.513525
3.587777
3.660844
3.732305
3.801688
3.868472
3.932077
3.991871
4.047163
4.097207
4.141207
4.178316
4.207646
4.228278
4.239276
4.239697
4.228612
4.205126
4.168396
4.117659
4.052248
3.971614
3.875345
3.763178
3.635011
3.490902
3.331069
3.155884
2.965857
2.761622
2.543918
2.313562
2.071436
1.818456
1.555557
1.283676
1.003730
0.716613
0.423174
0.124220
-0.179497
-0.487277
-0.798478
-1.112515
-1.428857
-1.747025
-2.066593
-2.387179
-2.708448
-3.030103
-3.351887
-3.673574
-3.994970
-4.315908
-4.636247
-4.955868
-5.274672
-5.592575
-5.909512
-6.225430
-6.540290
-6.854061
-7.166724
-7.478268
-7.788687
-8.097985
-8.406168
-8.713249
-9.019246
-9.324177
-9.628067
-9.930943
-10.232832
-10.533765
-10.833775
-11.132896
-11.431162
-11.728610
-12.025277
-12.321201
-12.616421
-12.910976
-13.204905
-13.498248
-13.791046
-14.083340
-14.375170
-14.666578
-14.957605
-15.248293
-15.538683
-15.828818
-16.118741
-16.408493
-16.698117
-16.987657
-17.277155
-17.566656
-17.856204
-18.145842
-18.435616
-18.725570
-19.015751
-19.306204
-19.596976
-19.888115
-20.179667
-20.471683
-20.764210
-21.057299
-21.351000
-21.645365
-21.940446
-22.236296
-22.532970
-22.830521
-23.129005
-23.428480
-23.729001
-24.030628
-24.333420
-24.637435
-24.942734
-25.249377
-25.557425
-25.866939
-26.177980
-26.490607
-26.804879
-27.120854
-27.438587
-27.758130
-28.079532
-28.402835
-28.728078
-29.055288
-29.384486
-29.715677
-30.048853
-30.383988
-30.721030
-31.059903
-31.400495
-31.742657
-32.086188
-32.430832
-32.776262
-33.122068
-33.467745
-33.812671
-34.156089
-34.497084
-34.834563
-35.167223
-35.493529
-35.811691
-36.119638
-36.415006
-36.695135
-36.957077
-37.197632
-37.413400
-37.600866
-37.756511
-37.876944
-37.959043
-38.000102
-37.997950
-37.951029
-37.858423
-37.719822
-37.535418
-37.305758
-37.031546
-36.713433
-36.351781
-35.946427
-35.496447
-34.999881
-34.453435
-33.852085
-33.188556
-32.452552
-31.629599
-30.699190
-29.631704
-28.382986
-26.884182
-25.021283
-22.591067
-19.213600
-14.538634
-13.650838
-18.814158
-22.966912
-26.049703
-28.498814
-30.552638
-32.343365
-33.950226
-35.424006
-36.798945
-38.098903
-39.340703
-40.535939
-41.691885
-42.811786
-43.894722
-44.935184
-45.922570
-46.840974
-47.669847
-48.386195
-48.968636
-49.402632
-49.684979
-49.825335
-49.843945
-49.766857
-49.620932
-49.430309
-49.214757
-48.989450
-48.765518
-48.550875
-48.351023
-48.169726
-48.009511
-47.872019
-47.758201
-47.668389
-47.602218
-47.558375
-47.534108
-47.524402
-47.520676
-47.508875
-47.466916
-47.361928
-47.148644
-46.771711
-46.174953
-45.317062
-44.185755
-42.799678
-41.196051
-39.413223
-37.477685
-35.397747
-33.160696
-30.728959
-28.030180
-24.931818
-21.172651
-16.142988
-8.052514
-5.390117
-12.350997
-15.773832
-17.719729
-18.898698
-19.598007
-19.957767
-20.055630
-19.941581
-19.659002
-19.266256
-18.866691
-18.641070
-18.833006
-19.615899
-20.940786
-22.593011
-24.366540
-26.139355
-27.858121
-29.507240
-31.088551
-32.611096
-34.086524
-35.527219
-36.945694
-38.354578
-39.766908
-41.196646
-42.659410
-44.173523
-45.761558
-47.452737
-49.286858
-51.321029
-53.641638
-56.385036
-59.758184
-63.859912
-66.657235
-64.443752
-61.225207
-58.757728
-56.914045
-55.496562
-54.381260
-53.501216
-52.840462
-52.289355
-51.508186
-50.940044
-50.515027
-50.163493
-49.864737
-49.609324
-49.391308
-49.206328
-49.050965
-48.922450
-48.818499
-48.737203
-48.676954
-48.636386
-48.614330
-48.609781
-48.621867
-48.649832
-48.693012
-48.750821
-48.822744
-48.908319
-49.007134
-49.118820
-49.243041
-49.379496
-49.527909
-49.688030
-49.859631
-50.042506
-50.236468
-50.441348
-50.656996
-50.883280
-51.120087
-51.367321
-51.624907
-51.892788
-52.170928
-52.459315
-52.757958
-53.066891
-53.386174
-53.715894
-54.056171
-54.407152
-54.769023
-55.142004
-55.526355
-55.922382
-56.330435
-56.750919
-57.184293
-57.631081
-58.091874
-58.567344
-59.058245
-59.565432
-60.089868
-60.632643
-61.194989
-61.778306
-62.384183
-63.014438
-63.671151
-64.356722
-65.073927
-65.826006
-66.616762
-67.450706
-68.333234
-69.270882
-70.271673
-71.345611
-72.505412
-73.767604
-75.154274
-76.695959
-78.436753
-80.444046
-82.829128
-85.797627
-89.804014
-96.266845
-127.619875
-98.082876
-92.677262
-89.946189
-88.368742
-87.500195
-87.176129
