-11.974157
-11.971880
-11.969541
-11.967137
-11.964667
-11.962130
-11.959523
-11.956845
-11.954093
-11.951265
-11.948361
-11.945376
-11.942310
-11.939160
-11.935924
-11.932600
-11.929185
-11.925676
-11.922072
-11.918369
-11.914566
-11.910658
-11.906644
-11.902521
-11.898286
-11.893936
-11.889467
-11.884877
-11.880162
-11.875320
-11.870346
-11.865237
-11.859990
-11.854601
-11.849066
-11.843382
-11.837544
-11.831549
-11.825392
-11.819069
-11.812576
-11.805909
-11.799062
-11.792032
-11.784813
-11.777400
-11.769789
-11.761975
-11.753952
-11.745714
-11.737257
-11.728575
-11.719662
-11.710512
-11.701119
-11.691477
-11.681580
-11.671421
-11.660994
-11.650291
-11.639307
-11.628034
-11.616464
-11.604592
-11.592408
-11.579905
-11.567076
-11.553912
-11.540406
-11.526548
-11.512331
-11.497746
-11.482783
-11.467434
-11.451690
-11.435540
-11.418976
-11.401988
-11.384565
-11.366697
-11.348374
-11.329586
-11.310321
-11.290568
-11.270316
-11.249554
-11.228269
-11.206451
-11.184087
-11.161164
-11.137670
-11.113592
-11.088918
-11.063633
-11.037724
-11.011179
-10.983982
-10.956119
-10.927576
-10.898339
-10.868392
-10.837720
-10.806308
-10.774139
-10.741199
-10.707470
-10.672936
-10.637580
-10.601386
-10.564335
-10.526410
-10.487593
-10.447866
-10.407209
-10.365605
-10.323034
-10.279476
-10.234912
-10.189320
-10.142680
-10.094971
-10.046173
-9.996261
-9.945215
-9.893012
-9.839627
-9.785038
-9.729221
-9.672149
-9.613799
-9.554143
-9.493156
-9.430809
-9.367076
-9.301926
-9.235332
-9.167261
-9.097684
-9.026568
-8.953879
-8.879584
-8.803646
-8.726030
-8.646698
-8.565610
-8.482725
-8.398002
-8.311396
-8.222861
-8.132350
-8.039813
-7.945198
-7.848451
-7.749513
-7.648327
-7.544829
-7.438953
-7.330629
-7.219786
-7.106346
-6.990226
-6.871343
-6.749604
-6.624913
-6.497168
-6.366259
-6.232072
-6.094483
-5.953360
-5.808564
-5.659944
-5.507340
-5.350580
-5.189479
-5.023838
-4.853444
-4.678067
-4.497458
-4.311348
-4.119448
-3.921441
-3.716985
-3.505708
-3.287206
-3.061035
-2.826712
-2.583709
-2.331445
-2.069284
-1.796527
-1.512401
-1.216058
-0.906560
-0.582872
-0.243853
0.111758
0.485346
0.878428
1.292657
1.729810
2.191762
2.680431
3.197670
3.745071
4.323627
4.933151
5.571313
6.232090
6.903378
7.563652
8.178133
8.696355
9.055381
9.193447
9.072609
8.696788
8.109739
7.374846
6.553415
5.693061
4.825891
3.971419
3.140400
2.338006
1.566058
0.824452
0.112045
-0.572814
-1.231973
-1.867299
-2.480576
-3.073456
-3.647429
-4.203815
-4.743762
-5.268248
-5.778086
-6.273933
-6.756293
-7.225522
-7.681841
-8.125333
-8.555962
-8.973570
-9.377896
-9.768585
-10.145203
-10.507257
-10.854213
-11.185524
-11.500654
-11.799107
-12.080460
-12.344386
-12.590685
-12.819307
-13.030369
-13.224164
-13.401169
-13.562040
-13.707599
-13.838820
-13.956803
-14.062753
-14.157947
-14.243712
-14.321395
-14.392341
-14.457869
-14.519261
-14.577744
-14.634484
-14.690575
-14.747043
-14.804843
-14.864861
-14.927921
-14.994790
-15.066189
-15.142800
-15.225279
-15.314268
-15.410409
-15.514359
-15.626808
-15.748493
-15.880221
-16.022891
-16.177511
-16.345225
-16.527333
-16.725311
-16.940826
-17.175747
-17.432130
-17.712197
-18.018276
-18.352697
-18.717641
-19.114917
-19.545662
-20.009968
-20.506438
-21.031727
-21.580101
-22.143163
-22.709850
-23.266876
-23.799737
-24.294254
-24.738441
-25.124231
-25.448564
-25.713464
-25.925154
-26.092557
-26.225705
-26.334429
-26.427513
-26.512300
-26.594614
-26.678897
-26.768420
-26.865535
-26.971895
-27.088649
-27.216607
-27.356367
-27.508413
-27.673203
-27.851231
-28.043084
-28.249487
-28.471339
-28.709726
-28.965904
-29.241208
-29.536817
-29.853240
-30.189274
-30.540032
-30.893554
-31.225891
-31.496561
-31.651062
-31.640913
-31.459774
-31.163933
-30.846165
-30.585879
-30.421996
-30.357882
-30.378505
-30.464064
-30.596696
-30.762482
-30.951318
-31.156118
-31.371996
-31.595605
-31.824651
-32.057560
-32.293248
-32.530967
-32.770196
-33.010576
-33.251856
-33.493863
-33.736481
-33.979628
-34.223252
-34.467320
-34.711812
-34.956720
-35.202039
-35.447774
-35.693929
-35.940514
-36.187538
-36.435013
-36.682952
-36.931367
-37.180273
-37.429682
-37.679609
-37.930068
-38.181074
-38.432640
-38.684781
-38.937512
-39.190849
-39.444805
-39.699397
-39.954640
-40.210550
-40.467142
-40.724433
-40.982440
-41.241180
-41.500668
-41.760924
-42.021965
-42.283809
-42.546473
-42.809978
-43.074342
-43.339584
-43.605724
-43.872780
-44.140773
-44.409723
-44.679648
-44.950569
-45.222505
-45.495475
-45.769497
-46.044588
-46.320766
-46.598045
-46.876440
-47.155961
-47.436618
-47.718418
-48.001362
-48.285449
-48.570672
-48.857015
-49.144457
-49.432967
-49.722500
-50.012998
-50.304388
-50.596572
-50.889431
-51.182811
-51.476523
-51.770328
-52.063933
-52.356972
-52.648988
-52.939413
-53.227538
-53.512472
-53.793096
-54.067988
-54.335338
-54.592820
-54.837421
-55.065198
-55.270935
-55.447642
-55.585817
-55.672329
-55.688676
-55.608197
-55.391394
-54.977688
-54.269758
-53.100787
-51.157514
-47.799879
-42.893540
-46.634270
-52.609963
-56.652444
-59.559736
-61.778886
-63.554271
-65.037923
-66.331918
-67.507637
-68.616609
-69.697572
-70.781457
-71.895130
-73.064519
-74.317686
-75.688559
-77.222508
-78.986190
-81.087722
-83.725314
-87.334356
-93.252874
-117.291023
-94.802469
-88.645819
-85.199637
-82.828511
-81.039240
-79.615932
-78.444671
-77.458012
-76.612756
-75.879610
-75.237828
-74.672225
-74.171382
-73.726540
-73.330865
-72.978968
-72.666562
-72.390230
-72.147251
-71.935480
-71.753259
-71.599352
-71.472906
-71.373420
-71.300735
-71.255032
-71.236844
