-0.012287
-0.012137
-0.011982
-0.011824
-0.011661
-0.011493
-0.011320
-0.011143
-0.010961
-0.010774
-0.010582
-0.010384
-0.010181
-0.009972
-0.009758
-0.009537
-0.009310
-0.009077
-0.008838
-0.008592
-0.008339
-0.008079
-0.007812
-0.007537
-0.007255
-0.006965
-0.006667
-0.006361
-0.006046
-0.005723
-0.005390
-0.005048
-0.004697
-0.004336
-0.003965
-0.003584
-0.003192
-0.002789
-0.002375
-0.001950
-0.001513
-0.001064
-0.000602
-0.000127
0.000360
0.000862
0.001377
0.001906
0.002450
0.003009
0.003584
0.004174
0.004781
0.005405
0.006046
0.006705
0.007381
0.008077
0.008792
0.009527
0.010282
0.011058
0.011855
0.012675
0.013517
0.014383
0.015272
0.016186
0.017125
0.018090
0.019082
0.020102
0.021149
0.022226
0.023332
0.024468
0.025636
0.026837
0.028070
0.029338
0.030640
0.031978
0.033353
0.034767
0.036219
0.037711
0.039244
0.040819
0.042438
0.044101
0.045810
0.047565
0.049370
0.051223
0.053128
0.055085
0.057095
0.059161
0.061283
0.063463
0.065703
0.068004
0.070369
0.072797
0.075293
0.077856
0.080489
0.083194
0.085973
0.088827
0.091759
0.094770
0.097863
0.101040
0.104303
0.107655
0.111097
0.114632
0.118262
0.121991
0.125819
0.129751
0.133788
0.137933
0.142189
0.146558
0.151044
0.155650
0.160378
0.165231
0.170213
0.175326
0.180574
0.185959
0.191486
0.197157
0.202976
0.208947
0.215071
0.221354
0.227799
0.234408
0.241187
0.248137
0.255263
0.262569
0.270058
0.277733
0.285598
0.293657
0.301913
0.310369
0.319029
0.327896
0.336974
0.346265
0.355772
0.365497
0.375445
0.385616
0.396012
0.406637
0.417490
0.428573
0.439888
0.451433
0.463209
0.475215
0.487449
0.499910
0.512594
0.525498
0.538617
0.551946
0.565476
0.579202
0.593112
0.607196
0.621442
0.635836
0.650360
0.664998
0.679728
0.694527
0.709369
0.724227
0.739068
0.753857
0.768556
0.783121
0.797507
0.811661
0.825529
0.839049
0.852155
0.864775
0.876831
0.888240
0.898911
0.908747
0.917646
0.925496
0.932180
0.937573
0.941545
0.943957
0.944665
0.943518
0.940361
0.935034
0.927372
0.917208
0.904375
0.888705
0.870030
0.848190
0.823026
0.794391
0.762145
0.726163
0.686334
0.642566
0.594786
0.542943
0.487013
0.426995
0.362919
0.294843
0.222854
0.147070
0.067640
-0.015261
-0.101427
-0.190627
-0.282607
-0.377090
-0.473783
-0.572377
-0.672549
-0.773971
-0.876310
-0.979232
-1.082404
-1.185500
-1.288205
-1.390211
-1.491229
-1.590983
-1.689216
-1.785691
-1.880189
-1.972516
-2.062496
-2.149976
-2.234824
-2.316928
-2.396198
-2.472561
-2.545963
-2.616367
-2.683751
-2.748108
-2.809443
-2.867774
-2.923129
-2.975544
-3.025064
-3.071739
-3.115626
-3.156784
-3.195279
-3.231176
-3.264543
-3.295449
-3.323963
-3.350154
-3.374090
-3.395839
-3.415465
-3.433033
-3.448606
-3.462245
-3.474008
-3.483954
-3.492140
-3.498621
-3.503454
-3.506696
-3.508404
-3.508640
-3.507470
-3.504963
-3.501198
-3.496265
-3.490264
-3.483314
-3.475551
-3.467139
-3.458268
-3.449164
-3.440095
-3.431375
-3.423373
-3.416519
-3.411308
-3.408307
-3.408154
-3.411558
-3.419290
-3.432170
-3.451042
-3.476747
-3.510078
-3.551733
-3.602260
-3.662002
-3.731047
-3.809193
-3.895928
-3.990439
-4.091642
-4.198242
-4.308807
-4.421850
-4.535917
-4.649657
-4.761888
-4.871629
-4.978125
-5.080845
-5.179471
-5.273876
-5.364092
-5.450282
-5.532709
-5.611710
-5.687670
-5.761005
-5.832144
-5.901518
-5.969554
-6.036666
-6.103250
-6.169687
-6.236338
-6.303544
-6.371628
-6.440898
-6.511645
-6.584144
-6.658659
-6.735442
-6.814735
-6.896770
-6.981774
-7.069965
-7.161556
-7.256756
-7.355768
-7.458794
-7.566030
-7.677673
-7.793915
-7.914947
-8.040959
-8.172138
-8.308671
-8.450742
-8.598536
-8.752234
-8.912016
-9.078062
-9.250549
-9.429650
-9.615536
-9.808376
-10.008331
-10.215559
-10.430209
-10.652420
-10.882319
-11.120019
-11.365614
-11.619173
-11.880739
-12.150319
-12.427881
-12.713347
-13.006586
-13.307411
-13.615578
-13.930786
-14.252681
-14.580875
-14.914964
-15.254558
-15.599320
-15.949012
-16.303543
-16.663019
-17.027783
-17.398450
-17.775920
-18.161381
-18.556292
-18.962362
-19.381519
-19.815881
-20.267743
-20.739572
-21.234023
-21.753980
-22.302619
-22.883496
-23.500678
-24.158899
-24.863781
-25.622118
-26.442271
-27.334713
-28.312829
-29.394125
-30.602155
-31.969803
-33.545273
-35.404052
-37.675732
-40.614660
-44.841959
-52.778491
-60.143912
-47.676359
-42.884894
-39.883451
-37.694552
-35.968346
-34.540956
-33.323476
-32.262700
-31.324290
-30.484645
-29.726650
-29.037325
-28.406449
-27.825711
-27.288160
-26.787810
-26.319337
-25.877806
-25.458394
-25.056054
-24.665052
-24.278286
-23.886292
-23.476129
-23.032276
-22.551443
-22.115148
-22.009136
-22.339916
-22.638893
-22.703970
-22.627150
-22.491430
-22.335592
-22.175796
-22.018684
-21.866929
-21.721509
-21.582652
-21.450261
-21.324094
-21.203856
-21.089241
-20.979948
-20.875693
-20.776211
-20.681256
-20.590603
-20.504042
-20.421383
-20.342449
-20.267079
-20.195123
-20.126445
-20.060919
-19.998429
-19.938869
-19.882142
-19.828159
-19.776839
-19.728109
-19.681903
-19.638161
-19.596830
-19.557865
-19.521227
-19.486881
-19.454802
-19.424969
-19.397369
-19.371994
-19.348845
-19.327930
-19.309263
-19.292867
-19.278775
-19.267028
-19.257676
-19.250782
-19.246421
-19.244680
