0.023587
0.024549
0.025538
0.026554
0.027599
0.028673
0.029776
0.030911
0.032078
0.033277
0.034509
0.035776
0.037078
0.038417
0.039793
0.041208
0.042662
0.044157
0.045694
0.047274
0.048898
0.050567
0.052283
0.054048
0.055861
0.057726
0.059643
0.061613
0.063639
0.065722
0.067863
0.070064
0.072327
0.074653
0.077045
0.079504
0.082032
0.084631
0.087304
0.090051
0.092876
0.095780
0.098766
0.101836
0.104993
0.108239
0.111576
0.115008
0.118536
0.122164
0.125894
0.129730
0.133674
0.137730
0.141901
0.146190
0.150601
0.155136
0.159800
0.164597
0.169530
0.174603
0.179820
0.185186
0.190704
0.196380
0.202217
0.208222
0.214397
0.220749
0.227283
0.234004
0.240917
0.248029
0.255344
0.262870
0.270612
0.278577
0.286771
0.295202
0.303876
0.312800
0.321983
0.331432
0.341154
0.351159
0.361455
0.372050
0.382954
0.394176
0.405725
0.417613
0.429849
0.442444
0.455410
0.468757
0.482497
0.496643
0.511208
0.526205
0.541646
0.557547
0.573922
0.590786
0.608155
0.626044
0.644471
0.663453
0.683008
0.703155
0.723913
0.745302
0.767343
0.790058
0.813470
0.837601
0.862476
0.888120
0.914559
0.941821
0.969933
0.998927
1.028831
1.059678
1.091502
1.124337
1.158219
1.193187
1.229278
1.266536
1.305001
1.344720
1.385739
1.428106
1.471874
1.517096
1.563828
1.612129
1.662061
1.713687
1.767078
1.822302
1.879437
1.938560
1.999754
2.063107
2.128712
2.196664
2.267067
2.340029
2.415664
2.494094
2.575446
2.659855
2.747467
2.838434
2.932918
3.031092
3.133140
3.239258
3.349653
3.464550
3.584187
3.708819
3.838718
3.974177
4.115511
4.263056
4.417174
4.578257
4.746723
4.923025
5.107650
5.301124
5.504011
5.716921
5.940509
6.175477
6.422578
6.682610
6.956418
7.244884
7.548914
7.869418
8.207271
8.563258
8.937986
9.331752
9.744346
10.174752
10.620733
11.078220
11.540512
11.997255
12.433330
12.827976
13.154809
13.383675
13.485107
13.436925
13.230603
12.874018
12.388899
11.804546
11.151177
10.455367
9.738100
9.014696
8.295666
7.587827
6.895324
6.220446
5.564234
4.926918
4.308204
3.707485
3.123973
2.556785
2.005003
1.467713
0.944024
0.433081
-0.065922
-0.553746
-1.031099
-1.498643
-1.956993
-2.406718
-2.848346
-3.282366
-3.709232
-4.129360
-4.543140
-4.950928
-5.353056
-5.749829
-6.141530
-6.528418
-6.910734
-7.288697
-7.662509
-8.032356
-8.398406
-8.760812
-9.119711
-9.475227
-9.827469
-10.176533
-10.522501
-10.865444
-11.205417
-11.542466
-11.876621
-12.207903
-12.536318
-12.861861
-13.184515
-13.504251
-13.821026
-14.134787
-14.445468
-14.752994
-15.057274
-15.358209
-15.655689
-15.949593
-16.239792
-16.526146
-16.808509
-17.086727
-17.360642
-17.630091
-17.894908
-18.154928
-18.409985
-18.659919
-18.904573
-19.143799
-19.377459
-19.605427
-19.827592
-20.043861
-20.254157
-20.458427
-20.656640
-20.848789
-21.034893
-21.214995
-21.389166
-21.557504
-21.720133
-21.877201
-22.028882
-22.175373
-22.316891
-22.453674
-22.585976
-22.714066
-22.838228
-22.958752
-23.075941
-23.190098
-23.301535
-23.410560
-23.517483
-23.622610
-23.726245
-23.828682
-23.930210
-24.031110
-24.131652
-24.232096
-24.332692
-24.433679
-24.535280
-24.637711
-24.741173
-24.845853
-24.951929
-25.059565
-25.168912
-25.280109
-25.393284
-25.508554
-25.626024
-25.745789
-25.867931
-25.992525
-26.119635
-26.249317
-26.381615
-26.516570
-26.654209
-26.794557
-26.937630
-27.083435
-27.231978
-27.383255
-27.537258
-27.693976
-27.853391
-28.015483
-28.180228
-28.347598
-28.517564
-28.690091
-28.865145
-29.042689
-29.222686
-29.405094
-29.589874
-29.776984
-29.966381
-30.158025
-30.351871
-30.547879
-30.746005
-30.946209
-31.148448
-31.352684
-31.558875
-31.766984
-31.976972
-32.188804
-32.402444
-32.617858
-32.835013
-33.053877
-33.274422
-33.496619
-33.720440
-33.945860
-34.172856
-34.401405
-34.631486
-34.863082
-35.096173
-35.330746
-35.566785
-35.804278
-36.043215
-36.283586
-36.525385
-36.768606
-37.013245
-37.259299
-37.506768
-37.755654
-38.005959
-38.257688
-38.510848
-38.765447
-39.021494
-39.279002
-39.537985
-39.798457
-40.060437
-40.323944
-40.588998
-40.855624
-41.123846
-41.393692
-41.665191
-41.938375
-42.213277
-42.489935
-42.768385
-43.048670
-43.330832
-43.614918
-43.900975
-44.189056
-44.479214
-44.771507
-45.065995
-45.362742
-45.661814
-45.963281
-46.267218
-46.573702
-46.882816
-47.194644
-47.509277
-47.826811
-48.147343
-48.470980
-48.797831
-49.128012
-49.461643
-49.798853
-50.139775
-50.484550
-50.833327
-51.186262
-51.543517
-51.905266
-52.271691
-52.642983
-53.019342
-53.400983
-53.788128
-54.181015
-54.579892
-54.985023
-55.396686
-55.815177
-56.240805
-56.673902
-57.114816
-57.563917
-58.021600
-58.488281
-58.964405
-59.450444
-59.946901
-60.454314
-60.973256
-61.504341
-62.048226
-62.605615
-63.177268
-63.764000
-64.366694
-64.986304
-65.623864
-66.280503
-66.957454
-67.656067
-68.377835
-69.124409
-69.897634
-70.699585
-71.532615
-72.399427
-73.303166
-74.247554
-75.237073
-76.277230
-77.374848
-78.538012
-79.773136
-81.060447
-82.117699
-79.493740
-78.623828
-83.487059
-86.097578
-88.260052
-90.342766
-92.426458
-94.342294
-94.386391
-94.678760
-101.918630
-106.589189
-111.413226
-117.185588
-124.839934
-139.331876
-133.307436
-124.258019
-118.641841
-114.539102
-111.411257
-108.972221
-107.049145
-105.532562
-104.351333
-103.458999
-102.826116
-102.435958
-102.282305
