0.050049
0.051990
0.053985
0.056036
0.058145
0.060313
0.062542
0.064833
0.067189
0.069611
0.072101
0.074661
0.077293
0.079999
0.082781
0.085642
0.088583
0.091607
0.094716
0.097913
0.101200
0.104579
0.108054
0.111628
0.115302
0.119080
0.122965
0.126960
0.131068
0.135292
0.139636
0.144103
0.148697
0.153421
0.158280
0.163276
0.168415
0.173700
0.179135
0.184725
0.190475
0.196388
0.202471
0.208727
0.215163
0.221782
0.228591
0.235596
0.242801
0.250214
0.257839
0.265684
0.273755
0.282059
0.290602
0.299392
0.308437
0.317743
0.327320
0.337174
0.347315
0.357751
0.368491
0.379544
0.390921
0.402630
0.414683
0.427089
0.439860
0.453007
0.466542
0.480477
0.494824
0.509597
0.524808
0.540472
0.556603
0.573216
0.590326
0.607950
0.626103
0.644804
0.664070
0.683919
0.704371
0.725445
0.747163
0.769545
0.792613
0.816392
0.840904
0.866176
0.892232
0.919100
0.946808
0.975385
1.004861
1.035270
1.066642
1.099014
1.132420
1.166899
1.202490
1.239232
1.277171
1.316349
1.356814
1.398614
1.441802
1.486430
1.532555
1.580236
1.629534
1.680516
1.733249
1.787806
1.844262
1.902697
1.963195
2.025845
2.090741
2.157982
2.227672
2.299923
2.374853
2.452586
2.533255
2.617001
2.703974
2.794335
2.888254
2.985914
3.087510
3.193253
3.303367
3.418094
3.537694
3.662449
3.792664
3.928666
4.070814
4.219496
4.375136
4.538198
4.709191
4.888671
5.077254
5.275622
5.484528
5.704815
5.937420
6.183401
6.443946
6.720403
7.014309
7.327423
7.661774
8.019716
8.404003
8.817885
9.265228
9.750682
10.279906
10.859872
11.499301
12.209279
13.004170
13.902983
14.931477
16.125442
17.535769
19.235323
21.321703
23.866625
26.503659
27.201831
24.877939
21.914792
19.348989
17.217356
15.419588
13.870164
12.508448
11.292091
10.190969
9.183115
8.252107
7.385393
6.573182
5.807704
5.082689
4.393015
3.734441
3.103419
2.496948
1.912473
1.347794
0.801009
0.270458
-0.245314
-0.747592
-1.237516
-1.716100
-2.184254
-2.642797
-3.092466
-3.533933
-3.967806
-4.394642
-4.814952
-5.229205
-5.637832
-6.041234
-6.439782
-6.833821
-7.223673
-7.609638
-7.991998
-8.371019
-8.746950
-9.120027
-9.490472
-9.858498
-10.224305
-10.588085
-10.950021
-11.310285
-11.669047
-12.026465
-12.382693
-12.737879
-13.092164
-13.445685
-13.798572
-14.150952
-14.502946
-14.854669
-15.206231
-15.557739
-15.909291
-16.260982
-16.612898
-16.965121
-17.317722
-17.670764
-18.024301
-18.378375
-18.733015
-19.088235
-19.444033
-19.800385
-20.157247
-20.514545
-20.872179
-21.230011
-21.587863
-21.945513
-22.302683
-22.659038
-23.014171
-23.367601
-23.718759
-24.066980
-24.411493
-24.751414
-25.085732
-25.413311
-25.732880
-26.043037
-26.342254
-26.628892
-26.901219
-27.157444
-27.395751
-27.614355
-27.811551
-27.985775
-28.135671
-28.260139
-28.358388
-28.429969
-28.474789
-28.493109
-28.485518
-28.452901
-28.396377
-28.317245
-28.216917
-28.096857
-27.958523
-27.803316
-27.632540
-27.447369
-27.248821
-27.037744
-26.814799
-26.580457
-26.334986
-26.078455
-25.810718
-25.531415
-25.239954
-24.935500
-24.616949
-24.282901
-23.931619
-23.560973
-23.168371
-22.750665
-22.304020
-21.823753
-21.304093
-20.737867
-20.116046
-19.427088
-18.655958
-17.782607
-16.779494
-15.607332
-14.207207
-12.484600
-10.272522
-7.229341
-2.457837
7.704409
2.770298
-4.405064
-8.230818
-10.748588
-12.547219
-13.872071
-14.847715
-15.545941
-16.012098
-16.276835
-16.361740
-16.282098
-16.048179
-15.665713
-15.135836
-14.454615
-13.612053
-12.590315
-11.360571
-9.877173
-8.066160
-5.800073
-2.833684
1.406015
8.920827
18.673796
6.381082
2.130324
0.023087
-0.906001
-0.879218
0.230629
3.097710
11.013778
9.571452
-0.562297
-5.826255
-9.457972
-12.208298
-14.372331
-16.099708
-17.481334
-18.581015
-19.448351
-20.124060
-20.642128
-21.030789
-21.313163
-21.507881
-21.629732
-21.690298
-21.698546
-21.661324
-21.583784
-21.469710
-21.321779
-21.141747
-20.930596
-20.688629
-20.415527
-20.110387
-19.771713
-19.397397
-18.984657
-18.529952
-18.028860
-17.475906
-16.864355
-16.185945
-15.430606
-14.586232
-13.638752
-12.573210
-11.377770
-10.055820
-8.658611
-7.357560
-6.525501
-6.589329
-7.559525
-9.015501
-10.576603
-12.064479
-13.424493
-14.651785
-15.757476
-16.756085
-17.661347
-18.485076
-19.237078
-19.925382
-20.556535
-21.135876
-21.667768
-22.155780
-22.602840
-23.011350
-23.383276
-23.720224
-24.023491
-24.294114
-24.532900
-24.740451
-24.917181
-25.063321
-25.178929
-25.263879
-25.317856
-25.340333
-25.330548
-25.287470
-25.209746
-25.095639
-24.942947
-24.748892
-24.509968
-24.221742
-23.878573
-23.473217
-22.996246
-22.435184
-21.773160
-20.986709
-20.042011
-18.887958
-17.442248
-15.559829
-12.947450
-8.853159
0.105323
0.654680
-9.429032
-14.207410
-17.442469
-19.929736
-21.975109
-23.729150
-25.277307
-26.672871
-27.951410
-29.137922
-30.250709
-31.303633
-32.307499
-33.270944
-34.201030
-35.103653
-35.983835
-36.845939
-37.693825
-38.530975
-39.360593
-40.185682
-41.009117
-41.833701
-42.662227
-43.497529
-44.342545
-45.200377
-46.074360
-46.968151
-47.885829
-48.832025
-49.812093
-50.832334
-51.900305
-53.025255
-54.218757
-55.495652
-56.875536
-58.385174
-60.062693
-61.965383
-64.185634
-66.888010
-70.413779
-75.690503
-87.905586
-83.001906
-75.438505
-71.876213
-69.682014
-68.206719
-67.192752
-66.516591
-66.115378
-65.960406
