0.051445
0.053316
0.055239
0.057217
0.059249
0.061339
0.063486
0.065694
0.067964
0.070297
0.072696
0.075161
0.077696
0.080302
0.082980
0.085734
0.088565
0.091475
0.094467
0.097543
0.100705
0.103956
0.107298
0.110734
0.114266
0.117898
0.121632
0.125470
0.129417
0.133474
0.137646
0.141936
0.146346
0.150880
0.155542
0.160335
0.165264
0.170332
0.175543
0.180900
0.186410
0.192075
0.197900
0.203890
0.210050
0.216384
0.222897
0.229595
0.236483
0.243567
0.250852
0.258344
0.266049
0.273973
0.282123
0.290505
0.299126
0.307993
0.317113
0.326494
0.336144
0.346069
0.356279
0.366781
0.377585
0.388699
0.400133
0.411896
0.423997
0.436448
0.449258
0.462438
0.475999
0.489953
0.504312
0.519088
0.534293
0.549941
0.566045
0.582618
0.599676
0.617234
0.635305
0.653908
0.673057
0.692770
0.713065
0.733959
0.755472
0.777623
0.800431
0.823919
0.848107
0.873018
0.898676
0.925103
0.952325
0.980368
1.009259
1.039025
1.069695
1.101299
1.133868
1.167434
1.202030
1.237692
1.274456
1.312359
1.351440
1.391739
1.433300
1.476166
1.520383
1.565999
1.613064
1.661629
1.711750
1.763482
1.816884
1.872020
1.928952
1.987749
2.048481
2.111222
2.176051
2.243047
2.312297
2.383890
2.457920
2.534486
2.613691
2.695645
2.780463
2.868266
2.959183
3.053348
3.150904
3.252003
3.356805
3.465477
3.578201
3.695167
3.816576
3.942645
4.073603
4.209695
4.351180
4.498337
4.651465
4.810882
4.976929
5.149974
5.330409
5.518658
5.715176
5.920453
6.135017
6.359437
6.594328
6.840351
7.098219
7.368697
7.652610
7.950834
8.264305
8.594007
8.940962
9.306212
9.690787
10.095648
10.521608
10.969199
11.438470
11.928698
12.437933
12.962375
13.495480
14.026827
14.540817
15.015555
15.422674
15.729233
15.902710
15.918649
15.768118
15.460786
15.021643
14.483479
13.879277
13.237347
12.579500
11.921287
11.273122
10.641584
10.030553
9.442077
8.877006
8.335428
7.816964
7.320964
6.846637
6.393132
5.959593
5.545191
5.149144
4.770728
4.409283
4.064215
3.734995
3.421163
3.122317
2.838119
2.568290
2.312607
2.070903
1.843065
1.629034
1.428802
1.242413
1.069968
0.911618
0.767572
0.638098
0.523523
0.424242
0.340719
0.273495
0.223195
0.190537
0.176342
0.181549
0.207228
0.254601
0.325063
0.420212
0.541876
0.692160
0.873488
1.088662
1.340928
1.634054
1.972411
2.361060
2.805805
3.313176
3.890219
4.543831
5.279084
6.095326
6.977671
7.879964
8.697104
9.243020
9.295312
8.747443
7.710945
6.408919
5.025589
3.664300
2.370225
1.157838
0.027685
-1.025260
-2.007769
-2.926726
-3.788470
-4.598592
-5.361916
-6.082553
-6.763978
-7.409116
-8.020405
-8.599862
-9.149134
-9.669532
-10.162066
-10.627468
-11.066201
-11.478476
-11.864246
-12.223205
-12.554777
-12.858097
-13.131985
-13.374908
-13.584937
-13.759681
-13.896209
-13.990940
-14.039505
-14.036555
-13.975502
-13.848156
-13.644200
-13.350419
-12.949525
-12.418285
-11.724433
-10.821270
-9.637704
-8.058707
-5.886018
-2.781517
1.292852
1.333849
-3.471774
-7.460429
-10.472486
-12.859684
-14.832435
-16.512064
-17.973007
-19.263888
-20.418196
-21.460026
-22.407330
-23.273866
-24.070408
-24.805532
-25.486126
-26.117746
-26.704855
-27.250984
-27.758837
-28.230361
-28.666764
-29.068509
-29.435263
-29.765807
-30.057883
-30.307975
-30.510979
-30.659726
-30.744278
-30.750872
-30.660302
-30.445338
-30.066434
-29.464156
-28.544822
-27.150991
-24.997707
-21.587715
-17.734989
-21.302689
-26.558815
-30.367625
-33.211936
-35.433698
-37.224352
-38.702590
-39.949481
-41.023945
-41.970245
-42.822174
-43.605776
-44.341306
-45.044715
-45.728789
-46.404032
-47.079341
-47.762517
-48.460653
-49.180389
-49.928049
-50.709567
-51.530099
-52.393021
-53.297766
-54.235498
-55.181091
-56.080119
-56.833923
-57.299640
-57.336346
-56.892547
-56.046035
-54.942397
-53.712190
-52.438465
-51.162992
-49.901455
-48.655103
-47.417565
-46.178367
-44.924599
-43.641687
-42.313922
-40.925489
-39.463341
-37.925077
-36.338872
-34.807332
-33.571794
-32.993779
-33.278568
-34.229707
-35.481735
-36.784527
-38.028336
-39.179651
-40.236287
-41.206800
-42.102330
-42.933645
-43.710238
-44.440173
-45.130208
-45.785983
-46.412208
-47.012831
-47.591172
-48.150037
-48.691806
-49.218506
-49.731865
-50.233358
-50.724242
-51.205583
-51.678279
-52.143072
-52.600561
-53.051209
-53.495347
-53.933170
-54.364737
-54.789959
-55.208593
-55.620222
-56.024241
-56.419828
-56.805923
-57.181191
-57.543992
-57.892335
-58.223844
-58.535706
-58.824633
-59.086814
-59.317876
-59.512845
-59.666099
-59.771315
-59.821383
-59.808259
-59.722695
-59.553767
-59.288056
-58.908232
-58.390582
-57.700588
-56.784502
-55.551843
-53.833907
-51.263684
-46.785910
-34.399537
-44.773107
-52.630009
-57.494932
-61.345361
-64.800293
-68.199548
-71.853433
-76.238375
-82.595470
-101.080177
-86.760099
-80.651345
-77.485240
-75.410029
-73.898812
-72.728382
-71.784017
-70.999391
-70.332953
-69.757110
-69.252694
-68.805910
-68.406539
-68.046823
-67.720754
-67.423593
-67.151550
-66.901549
-66.671065
-66.458007
-66.260623
-66.077438
-65.907199
-65.748837
-65.601432
-65.464195
-65.336442
-65.217584
-65.107107
-65.004571
-64.909595
-64.821851
-64.741064
-64.666999
-64.599467
-64.538317
-64.483433
-64.434738
-64.392189
-64.355782
-64.325545
-64.301548
-64.283899
-64.272752
-64.268304
