-0.014812
-0.014735
-0.014655
-0.014573
-0.014489
-0.014402
-0.014313
-0.014222
-0.014128
-0.014031
-0.013932
-0.013830
-0.013725
-0.013618
-0.013507
-0.013393
-0.013276
-0.013156
-0.013032
-0.012905
-0.012775
-0.012641
-0.012503
-0.012361
-0.012215
-0.012065
-0.011912
-0.011753
-0.011591
-0.011424
-0.011252
-0.011075
-0.010894
-0.010707
-0.010516
-0.010319
-0.010116
-0.009908
-0.009694
-0.009474
-0.009248
-0.009016
-0.008777
-0.008532
-0.008279
-0.008020
-0.007754
-0.007480
-0.007198
-0.006909
-0.006611
-0.006306
-0.005992
-0.005669
-0.005337
-0.004995
-0.004645
-0.004284
-0.003914
-0.003533
-0.003141
-0.002739
-0.002325
-0.001900
-0.001463
-0.001014
-0.000552
-0.000078
0.000410
0.000911
0.001427
0.001956
0.002501
0.003060
0.003636
0.004227
0.004835
0.005460
0.006102
0.006762
0.007441
0.008138
0.008855
0.009592
0.010350
0.011129
0.011929
0.012752
0.013598
0.014467
0.015361
0.016280
0.017225
0.018196
0.019194
0.020220
0.021275
0.022359
0.023473
0.024619
0.025797
0.027008
0.028253
0.029533
0.030848
0.032201
0.033591
0.035021
0.036490
0.038001
0.039554
0.041151
0.042793
0.044481
0.046216
0.048000
0.049834
0.051720
0.053659
0.055653
0.057702
0.059810
0.061977
0.064204
0.066495
0.068851
0.071273
0.073763
0.076324
0.078957
0.081665
0.084449
0.087312
0.090256
0.093284
0.096397
0.099599
0.102892
0.106279
0.109761
0.113343
0.117027
0.120815
0.124712
0.128719
0.132842
0.137081
0.141443
0.145928
0.150543
0.155289
0.160172
0.165195
0.170362
0.175678
0.181147
0.186773
0.192562
0.198518
0.204646
0.210952
0.217440
0.224116
0.230986
0.238056
0.245332
0.252820
0.260527
0.268459
0.276623
0.285026
0.293676
0.302580
0.311747
0.321184
0.330900
0.340904
0.351204
0.361810
0.372732
0.383980
0.395563
0.407494
0.419782
0.432440
0.445480
0.458913
0.472753
0.487013
0.501707
0.516849
0.532454
0.548537
0.565116
0.582205
0.599824
0.617988
0.636719
0.656033
0.675954
0.696500
0.717694
0.739559
0.762119
0.785399
0.809424
0.834222
0.859820
0.886249
0.913538
0.941720
0.970829
1.000899
1.031968
1.064073
1.097255
1.131556
1.167021
1.203696
1.241629
1.280872
1.321479
1.363506
1.407013
1.452062
1.498721
1.547058
1.597147
1.649067
1.702899
1.758730
1.816653
1.876766
1.939173
2.003983
2.071314
2.141291
2.214047
2.289723
2.368472
2.450455
2.535846
2.624831
2.717610
2.814398
2.915426
3.020944
3.131223
3.246554
3.367254
3.493668
3.626171
3.765172
3.911118
4.064500
4.225859
4.395788
4.574944
4.764055
4.963933
5.175480
5.399708
5.637755
5.890905
6.160613
6.448535
6.756566
7.086886
7.442012
7.824872
8.238886
8.688072
9.177176
9.711822
10.298690
10.945693
11.662105
12.458482
13.345996
14.334222
15.424997
16.596899
17.770348
18.749617
19.205073
18.865398
17.811174
16.377663
14.847462
13.361696
11.970416
10.682796
9.492754
8.389710
7.362695
6.401762
5.498344
4.645219
3.836359
3.066756
2.332250
1.629403
0.955375
0.307841
-0.315086
-0.914910
-1.492796
-2.049608
-2.585940
-3.102132
-3.598301
-4.074350
-4.529988
-4.964750
-5.378016
-5.769029
-6.136921
-6.480744
-6.799494
-7.092152
-7.357713
-7.595220
-7.803803
-7.982696
-8.131269
-8.249028
-8.335626
-8.390845
-8.414579
-8.406795
-8.367494
-8.296653
-8.194168
-8.059786
-7.893027
-7.693110
-7.458854
-7.188581
-6.879989
-6.530008
-6.134612
-5.688589
-5.185235
-4.615972
-3.969855
-3.232997
-2.388033
-1.414060
-0.288635
1.003254
2.438143
3.863966
4.834805
4.700301
3.386757
1.516797
-0.402159
-2.177666
-3.769574
-5.185592
-6.443820
-7.561740
-8.553753
-9.431269
-10.203443
-10.877968
-11.461732
-11.961283
-12.383111
-12.733759
-13.019807
-13.247766
-13.423939
-13.554277
-13.644248
-13.698749
-13.722045
-13.717739
-13.688766
-13.637398
-13.565256
-13.473314
-13.361895
-13.230654
-13.078532
-12.903687
-12.703394
-12.473892
-12.210189
-11.905797
-11.552379
-11.139299
-10.653018
-10.076278
-9.386964
-8.556382
-7.546456
-6.304694
-4.754226
-2.771878
-0.132963
3.658366
10.075193
17.524135
8.111623
3.343578
0.484955
-1.466893
-2.890441
-3.968918
-4.805504
-5.464286
-5.987835
-6.405801
-6.739555
-7.004904
-7.213757
-7.375218
-7.496310
-7.582487
-7.637987
-7.666092
-7.669312
-7.649520
-7.608051
-7.545766
-7.463093
-7.360051
-7.236245
-7.090845
-6.922542
-6.729466
-6.509070
-6.257950
-5.971587
-5.643957
-5.266933
-4.829357
-4.315532
-3.702657
-2.956244
-2.021279
-0.803548
0.875406
3.410812
7.963498
19.780366
7.847288
0.541638
-3.867034
-6.634787
-7.978194
-8.174482
-7.649929
-6.731465
-5.570809
-4.194103
-2.542524
-0.483484
2.085658
3.824119
-0.022641
-7.038288
-11.653280
-8.005788
-3.764396
-0.443271
1.359857
0.926956
-0.838401
-2.833294
-4.688968
-6.356414
-7.860284
-9.233770
-10.505303
-11.697250
-12.826984
-13.908141
-14.951632
-15.966395
-16.959941
-17.938759
-18.908616
-19.874790
-20.842264
-21.815886
-22.800520
-23.801191
-24.823245
-25.872526
-26.955591
-28.079989
-29.254626
-30.490283
-31.800352
-33.201953
-34.717688
-36.378540
-38.228986
-40.336739
-42.813360
-45.864695
-49.945381
-56.474092
-87.884655
-58.396861
-53.032093
-50.333425
-48.779803
-47.926302
-47.608237
