-0.014841
-0.014752
-0.014661
-0.014568
-0.014472
-0.014373
-0.014272
-0.014168
-0.014060
-0.013950
-0.013837
-0.013721
-0.013601
-0.013479
-0.013352
-0.013222
-0.013089
-0.012952
-0.012811
-0.012666
-0.012517
-0.012364
-0.012207
-0.012045
-0.011879
-0.011709
-0.011533
-0.011353
-0.011167
-0.010977
-0.010781
-0.010580
-0.010373
-0.010160
-0.009941
-0.009717
-0.009486
-0.009249
-0.009005
-0.008754
-0.008496
-0.008231
-0.007959
-0.007679
-0.007392
-0.007096
-0.006792
-0.006480
-0.006159
-0.005829
-0.005490
-0.005141
-0.004783
-0.004415
-0.004036
-0.003647
-0.003248
-0.002837
-0.002414
-0.001980
-0.001534
-0.001075
-0.000604
-0.000119
0.000379
0.000891
0.001417
0.001958
0.002514
0.003086
0.003673
0.004277
0.004897
0.005535
0.006191
0.006865
0.007558
0.008270
0.009002
0.009754
0.010528
0.011322
0.012140
0.012979
0.013843
0.014730
0.015642
0.016580
0.017544
0.018535
0.019553
0.020600
0.021676
0.022782
0.023919
0.025088
0.026290
0.027525
0.028795
0.030100
0.031442
0.032821
0.034239
0.035696
0.037195
0.038735
0.040318
0.041946
0.043620
0.045340
0.047108
0.048926
0.050795
0.052717
0.054692
0.056723
0.058811
0.060958
0.063164
0.065433
0.067766
0.070164
0.072630
0.075165
0.077771
0.080451
0.083206
0.086039
0.088952
0.091946
0.095026
0.098192
0.101447
0.104795
0.108237
0.111777
0.115416
0.119159
0.123008
0.126965
0.131035
0.135220
0.139524
0.143951
0.148503
0.153184
0.157999
0.162950
0.168043
0.173281
0.178668
0.184209
0.189909
0.195771
0.201801
0.208004
0.214385
0.220949
0.227701
0.234647
0.241793
0.249145
0.256709
0.264491
0.272498
0.280737
0.289214
0.297937
0.306913
0.316149
0.325655
0.335438
0.345506
0.355868
0.366533
0.377511
0.388811
0.400443
0.412417
0.424745
0.437437
0.450504
0.463959
0.477813
0.492080
0.506772
0.521903
0.537487
0.553539
0.570074
0.587107
0.604654
0.622734
0.641362
0.660558
0.680339
0.700727
0.721740
0.743400
0.765730
0.788751
0.812488
0.836965
0.862208
0.888245
0.915102
0.942809
0.971396
1.000895
1.031339
1.062762
1.095200
1.128692
1.163275
1.198992
1.235886
1.274001
1.313385
1.354088
1.396161
1.439658
1.484638
1.531161
1.579290
1.629091
1.680636
1.733998
1.789255
1.846491
1.905791
1.967250
2.030965
2.097039
2.165583
2.236713
2.310554
2.387238
2.466907
2.549710
2.635809
2.725376
2.818594
2.915663
3.016794
3.122216
3.232176
3.346940
3.466795
3.592055
3.723058
3.860172
4.003801
4.154385
4.312404
4.478390
4.652925
4.836656
5.030297
5.234643
5.450584
5.679113
5.921352
6.178568
6.452197
6.743885
7.055516
7.389272
7.747692
8.133750
8.550966
9.003537
9.496526
10.036104
10.629892
11.287436
12.020878
12.845926
13.783272
14.860628
16.115506
17.598086
19.369321
21.468001
23.723551
25.148224
24.268174
21.882545
19.406147
17.237947
15.382284
13.779541
12.374787
11.126221
10.003098
8.982740
8.048215
7.186694
6.388343
5.645545
4.952370
4.304197
3.697442
3.129373
2.597962
2.101798
1.640014
1.212246
0.818618
0.459739
0.136728
-0.148743
-0.394371
-0.597116
-0.753042
-0.857090
-0.902759
-0.881634
-0.782692
-0.591252
-0.287317
0.157126
0.782717
1.651019
2.860211
4.575171
7.069766
10.494021
11.589229
7.069754
2.566817
-0.993118
-3.915219
-6.420182
-8.637424
-10.645102
-12.492387
-14.210876
-15.820557
-17.332996
-18.753036
-20.079688
-21.306684
-22.423048
-23.414019
-24.262557
-24.951403
-25.465225
-25.791983
-25.922553
-25.847983
-25.554168
-25.013567
-24.171996
-22.924203
-21.060233
-18.136918
-13.483457
-13.228384
-19.834223
-24.832097
-28.665936
-31.862539
-34.678847
-37.250723
-39.655782
-41.939874
-44.129203
-46.236093
-48.261292
-50.193359
-52.004158
-53.639039
-55.004167
-55.967353
-56.403386
-56.279656
-55.693832
-54.810595
-53.777730
-52.693247
-51.611708
-50.559803
-49.548519
-48.580495
-47.654062
-46.765370
-45.909483
-45.080919
-44.273892
-43.482394
-42.700169
-41.920632
-41.136725
-40.340735
-39.524052
-38.676875
-37.787868
-36.843796
-35.829275
-34.727035
-33.519857
-32.197473
-30.777350
-29.359296
-28.228255
-27.872954
-28.579626
-30.042885
-31.776296
-33.502273
-35.124373
-36.625580
-38.015364
-39.309666
-40.524256
-41.672883
-42.767026
-43.816128
-44.827941
-45.808844
-46.764116
-47.698145
-48.614595
-49.516540
-50.406559
-51.286812
-52.159095
-53.024885
-53.885364
-54.741442
-55.593766
-56.442724
-57.288443
-58.130784
-58.969334
-59.803399
-60.631998
-61.453868
-62.267475
-63.071042
-63.862603
-64.640073
-65.401351
-66.144451
-66.867647
-67.569640
-68.249709
-68.907857
-69.544912
-70.162585
-70.763474
-71.351030
-71.929480
-72.503743
-73.079347
-73.662376
-74.259465
-74.877852
-75.525515
-76.211421
-76.945908
-77.741277
-78.612704
-79.579656
-80.668218
-81.915077
-83.374904
-85.135279
-87.350980
-90.338753
-94.935148
-105.320511
-103.020966
-94.192452
-89.917744
-87.077618
-84.952765
-83.258794
-81.853795
-80.656653
-79.616618
-78.699820
-77.882521
-77.147443
-76.481616
-75.875060
-75.319933
-74.809967
-74.340074
-73.906075
-73.504502
-73.132448
-72.787461
-72.467461
-72.170674
-71.895587
-71.640901
-71.405511
-71.188472
-70.988987
-70.806386
-70.640120
-70.489748
-70.354930
-70.235426
-70.131091
-70.041875
-69.967824
-69.909080
-69.865893
-69.838621
-69.827743
