0.001036
0.001563
0.002104
0.002661
0.003233
0.003821
0.004425
0.005046
0.005685
0.006341
0.007015
0.007708
0.008421
0.009153
0.009905
0.010679
0.011473
0.012290
0.013130
0.013993
0.014880
0.015792
0.016729
0.017692
0.018682
0.019699
0.020745
0.021819
0.022924
0.024059
0.025226
0.026425
0.027658
0.028925
0.030227
0.031565
0.032940
0.034354
0.035807
0.037301
0.038835
0.040413
0.042034
0.043701
0.045414
0.047174
0.048984
0.050843
0.052755
0.054719
0.056738
0.058814
0.060947
0.063139
0.065392
0.067708
0.070088
0.072535
0.075049
0.077634
0.080290
0.083020
0.085826
0.088710
0.091674
0.094721
0.097853
0.101071
0.104379
0.107779
0.111273
0.114865
0.118557
0.122351
0.126250
0.130259
0.134378
0.138612
0.142964
0.147437
0.152034
0.156760
0.161616
0.166608
0.171738
0.177011
0.182431
0.188002
0.193727
0.199612
0.205660
0.211877
0.218266
0.224833
0.231583
0.238520
0.245650
0.252979
0.260511
0.268253
0.276210
0.284389
0.292794
0.301434
0.310313
0.319440
0.328820
0.338461
0.348370
0.358554
0.369022
0.379780
0.390837
0.402201
0.413882
0.425886
0.438224
0.450905
0.463937
0.477332
0.491098
0.505247
0.519788
0.534732
0.550091
0.565876
0.582098
0.598770
0.615904
0.633512
0.651608
0.670204
0.689315
0.708955
0.729137
0.749877
0.771189
0.793089
0.815593
0.838717
0.862478
0.886893
0.911978
0.937753
0.964234
0.991442
1.019394
1.048111
1.077612
1.107917
1.139047
1.171024
1.203868
1.237602
1.272247
1.307827
1.344365
1.381883
1.420405
1.459955
1.500558
1.542237
1.585017
1.628923
1.673979
1.720210
1.767641
1.816296
1.866199
1.917375
1.969846
2.023636
2.078767
2.135259
2.193135
2.252411
2.313106
2.375236
2.438814
2.503851
2.570357
2.638338
2.707795
2.778727
2.851129
2.924989
3.000290
3.077011
3.155122
3.234586
3.315357
3.397380
3.480589
3.564908
3.650247
3.736503
3.823559
3.911280
3.999514
4.088093
4.176826
4.265503
4.353890
4.441733
4.528751
4.614641
4.699075
4.781701
4.862142
4.940002
5.014863
5.086288
5.153830
5.217030
5.275424
5.328551
5.375959
5.417210
5.451891
5.479622
5.500063
5.512924
5.517969
5.515027
5.503998
5.484852
5.457637
5.422478
5.379574
5.329200
5.271698
5.207474
5.136991
5.060759
4.979330
4.893287
4.803233
4.709789
4.613579
4.515227
4.415348
4.314544
4.213393
4.112450
4.012242
3.913259
3.815955
3.720743
3.627992
3.538021
3.451101
3.367441
3.287193
3.210439
3.137189
3.067373
3.000829
2.937300
2.876418
2.817698
2.760524
2.704140
2.647641
2.589965
2.529889
2.466031
2.396858
2.320704
2.235796
2.140295
2.032350
1.910159
1.772044
1.616530
1.442422
1.248878
1.035462
0.802180
0.549494
0.278301
-0.010101
-0.314079
-0.631730
-0.960968
-1.299598
-1.645388
-1.996139
-2.349730
-2.704163
-3.057590
-3.408335
-3.754906
-4.096004
-4.430526
-4.757572
-5.076446
-5.386662
-5.687953
-5.980284
-6.263864
-6.539164
-6.806937
-7.068242
-7.324460
-7.577309
-7.828853
-8.081491
-8.337927
-8.601116
-8.874170
-9.160245
-9.462376
-9.783311
-10.125324
-10.490050
-10.878354
-11.290259
-11.724943
-12.180802
-12.655576
-13.146510
-13.650536
-14.164447
-14.685052
-15.209301
-15.734377
-16.257760
-16.777261
-17.291044
-17.797639
-18.295945
-18.785247
-19.265236
-19.736044
-20.198288
-20.653125
-21.102306
-21.548201
-21.993790
-22.442567
-22.898343
-23.364941
-23.845805
-24.343585
-24.859806
-25.394709
-25.947315
-26.515705
-27.097428
-27.689945
-28.291000
-28.898886
-29.512579
-30.131773
-30.756851
-31.388817
-32.029231
-32.680148
-33.344094
-34.024055
-34.723516
-35.446534
-36.197853
-36.983089
-37.808984
-38.683790
-39.617816
-40.624261
-41.720499
-42.930171
-44.286735
-45.839970
-47.668877
-49.910544
-52.836664
-57.121278
-65.532059
-70.116473
-58.931238
-54.294285
-51.351953
-49.206559
-47.525939
-46.150004
-44.989230
-43.988464
-43.111317
-42.332519
-41.633808
-41.001559
-40.425339
-39.896982
-39.409980
-38.959058
-38.539887
-38.148867
-37.782973
-37.439641
-37.116677
-36.812187
-36.524530
-36.252271
-35.994147
-35.749043
-35.515971
-35.294047
-35.082478
-34.880554
-34.687632
-34.503127
-34.326512
-34.157303
-33.995058
-33.839371
-33.689871
-33.546214
-33.408081
-33.275180
-33.147236
-33.023997
-32.905225
-32.790699
-32.680213
-32.573573
-32.470596
-32.371111
-32.274958
-32.181983
-32.092043
-32.005000
-31.920727
-31.839099
-31.759999
-31.683317
-31.608944
-31.536780
-31.466725
-31.398686
-31.332571
-31.268294
-31.205769
-31.144913
-31.085647
-31.027892
-30.971570
-30.916607
-30.862928
-30.810457
-30.759122
-30.708848
-30.659560
-30.611184
-30.563640
-30.516852
-30.470735
-30.425206
-30.380175
-30.335547
-30.291221
-30.247091
-30.203039
-30.158936
-30.114644
-30.070006
-30.024847
-29.978972
-29.932157
-29.884145
-29.834639
-29.783296
-29.729708
-29.673393
-29.613774
-29.550156
-29.481688
-29.407324
-29.325759
-29.235354
-29.134017
-29.019050
-28.886924
-28.732961
-28.550866
-28.332051
-28.064633
-27.732010
-27.310933
-26.769389
-26.066300
-25.161294
-24.064217
-22.998522
-22.628089
-23.514618
-25.113025
-26.632437
-27.790351
-28.600145
-29.148719
-29.517599
-29.766621
-29.936172
-30.052726
-30.133549
-30.189968
-30.229497
-30.257176
-30.276417
-30.289531
-30.298065
-30.303002
-30.304878
