-6.063185
-6.063864
-6.064561
-6.065278
-6.066015
-6.066772
-6.067551
-6.068351
-6.069173
-6.070019
-6.070887
-6.071781
-6.072699
-6.073642
-6.074612
-6.075609
-6.076634
-6.077687
-6.078769
-6.079882
-6.081026
-6.082202
-6.083410
-6.084653
-6.085929
-6.087242
-6.088591
-6.089978
-6.091403
-6.092869
-6.094375
-6.095923
-6.097514
-6.099150
-6.100832
-6.102560
-6.104337
-6.106164
-6.108041
-6.109971
-6.111955
-6.113994
-6.116091
-6.118246
-6.120461
-6.122739
-6.125080
-6.127486
-6.129960
-6.132503
-6.135118
-6.137805
-6.140568
-6.143408
-6.146328
-6.149330
-6.152416
-6.155589
-6.158850
-6.162203
-6.165650
-6.169194
-6.172838
-6.176584
-6.180435
-6.184394
-6.188465
-6.192650
-6.196953
-6.201378
-6.205926
-6.210603
-6.215412
-6.220356
-6.225440
-6.230667
-6.236041
-6.241568
-6.247250
-6.253093
-6.259101
-6.265279
-6.271632
-6.278165
-6.284883
-6.291791
-6.298896
-6.306201
-6.313715
-6.321441
-6.329387
-6.337560
-6.345964
-6.354608
-6.363499
-6.372642
-6.382047
-6.391720
-6.401670
-6.411904
-6.422431
-6.433260
-6.444398
-6.455857
-6.467644
-6.479770
-6.492244
-6.505078
-6.518282
-6.531866
-6.545842
-6.560223
-6.575019
-6.590244
-6.605910
-6.622031
-6.638620
-6.655691
-6.673260
-6.691341
-6.709950
-6.729103
-6.748816
-6.769108
-6.789994
-6.811495
-6.833629
-6.856415
-6.879874
-6.904026
-6.928894
-6.954500
-6.980866
-7.008018
-7.035979
-7.064776
-7.094434
-7.124982
-7.156447
-7.188860
-7.222251
-7.256652
-7.292094
-7.328613
-7.366243
-7.405022
-7.444986
-7.486175
-7.528629
-7.572392
-7.617507
-7.664019
-7.711976
-7.761428
-7.812424
-7.865018
-7.919266
-7.975225
-8.032954
-8.092517
-8.153977
-8.217403
-8.282864
-8.350435
-8.420191
-8.492214
-8.566585
-8.643392
-8.722728
-8.804686
-8.889366
-8.976874
-9.067319
-9.160815
-9.257484
-9.357451
-9.460850
-9.567822
-9.678513
-9.793079
-9.911685
-10.034504
-10.161719
-10.293525
-10.430127
-10.571744
-10.718610
-10.870970
-11.029091
-11.193254
-11.363760
-11.540935
-11.725126
-11.916707
-12.116084
-12.323694
-12.540011
-12.765551
-13.000876
-13.246600
-13.503397
-13.772008
-14.053252
-14.348034
-14.657363
-14.982363
-15.324296
-15.684582
-16.064827
-16.466858
-16.892762
-17.344935
-17.826147
-18.339611
-18.889077
-19.478946
-20.114391
-20.801514
-21.547481
-22.360624
-23.250361
-24.226644
-25.298189
-26.467751
-27.720497
-28.998079
-30.152742
-30.913758
-30.991526
-30.343043
-29.221489
-27.920721
-26.618381
-25.390057
-24.258177
-23.222828
-22.276113
-21.408105
-20.609129
-19.870520
-19.184781
-18.545515
-17.947284
-17.385462
-16.856098
-16.355806
-15.881664
-15.431136
-15.002011
-14.592348
-14.200433
-13.824745
-13.463928
-13.116765
-12.782161
-12.459122
-12.146747
-11.844212
-11.550760
-11.265698
-10.988383
-10.718223
-10.454666
-10.197199
-9.945347
-9.698665
-9.456741
-9.219191
-8.985663
-8.755830
-8.529400
-8.306108
-8.085727
-7.868066
-7.652976
-7.440357
-7.230167
-7.022428
-6.817240
-6.614798
-6.415404
-6.219492
-6.027650
-5.840651
-5.659480
-5.485374
-5.319856
-5.164773
-5.022334
-4.895133
-4.786165
-4.698819
-4.636840
-4.604249
-4.605226
-4.643934
-4.724314
-4.849850
-5.023341
-5.246705
-5.520854
-5.845661
-6.220023
-6.642012
-7.109097
-7.618382
-8.166860
-8.751635
-9.370098
-10.020076
-10.699924
-11.408603
-12.145720
-12.911580
-13.707224
-14.534494
-15.396124
-16.295876
-17.238733
-18.231204
-19.281761
-20.401502
-21.605183
-22.912852
-24.352579
-25.965245
-27.813590
-30.000909
-32.714852
-36.348867
-41.908222
-49.518850
-42.773460
-37.630594
-34.488493
-32.295144
-30.642492
-29.337742
-28.275570
-27.392454
-26.647292
-26.012066
-25.466922
-24.997365
-24.592578
-24.244362
-23.946447
-23.694032
-23.483467
-23.312040
-23.177827
-23.079592
-23.016736
-22.989265
-22.997798
-23.043606
-23.128680
-23.255848
-23.428947
-23.653070
-23.934937
-24.283435
-24.710427
-25.232034
-25.870688
-26.658642
-27.644332
-28.904896
-30.573618
-32.909818
-36.519544
-43.188258
-44.421312
-36.016962
-31.129252
-27.689050
-24.977586
-22.698228
-20.701355
-18.900911
-17.242640
-15.689887
-14.216491
-12.802897
-11.433877
-10.097121
-8.782317
-7.480519
-6.183701
-4.884413
-3.575511
-2.249925
-0.900444
0.480499
1.901049
3.370194
4.898071
6.496361
8.178788
9.961795
11.865457
13.914735
16.141221
18.585494
21.300045
24.351759
27.818963
31.763151
36.114014
40.423854
43.947184
44.860856
40.322897
34.779129
30.068889
26.031603
22.415163
19.046747
15.817409
12.660547
9.535283
6.414239
3.275381
0.097969
-3.136506
-6.434201
-9.757052
-12.945104
-15.611025
-17.269975
-17.889888
-17.945331
-17.861507
-17.830321
-17.908760
-18.102902
-18.403928
-18.800823
-19.284403
-19.848378
-20.489519
-21.207636
-22.005668
-22.889987
-23.871074
-24.964726
-26.194182
-27.593872
-29.216341
-31.146005
-33.529357
-36.650659
-41.147972
-48.053202
-46.456678
-40.622892
-37.077926
-34.708862
-33.009088
-31.747628
-30.804125
-30.109516
-29.621362
-29.312194
-29.163478
-29.162307
-29.299572
-29.569036
-29.966995
-30.492378
-31.147237
-31.937659
-32.875265
-33.979697
-35.282930
-36.837363
-38.732479
-41.134070
-44.396695
-49.517785
-62.702592
-54.922580
-47.469477
-43.640054
-41.084381
-39.187596
-37.695109
-36.476523
-35.455994
-34.585480
-33.832619
-33.174584
-32.594684
-32.080360
-31.621946
-31.211863
-30.844077
-30.513726
-30.216857
-29.950235
-29.711202
-29.497573
-29.307558
-29.139701
-28.992840
-28.866069
-28.758719
-28.670338
-28.600688
-28.549740
-28.517679
-28.504914
