-0.014129
-0.014126
-0.014122
-0.014118
-0.014113
-0.014109
-0.014105
-0.014100
-0.014095
-0.014091
-0.014086
-0.014081
-0.014076
-0.014070
-0.014065
-0.014059
-0.014053
-0.014047
-0.014041
-0.014035
-0.014029
-0.014022
-0.014015
-0.014008
-0.014001
-0.013993
-0.013986
-0.013978
-0.013970
-0.013962
-0.013953
-0.013944
-0.013935
-0.013926
-0.013917
-0.013907
-0.013897
-0.013887
-0.013876
-0.013865
-0.013854
-0.013842
-0.013831
-0.013819
-0.013806
-0.013793
-0.013780
-0.013767
-0.013753
-0.013738
-0.013724
-0.013708
-0.013693
-0.013677
-0.013661
-0.013644
-0.013626
-0.013609
-0.013590
-0.013571
-0.013552
-0.013532
-0.013512
-0.013491
-0.013469
-0.013447
-0.013424
-0.013401
-0.013377
-0.013352
-0.013326
-0.013300
-0.013273
-0.013246
-0.013217
-0.013188
-0.013158
-0.013127
-0.013096
-0.013063
-0.013030
-0.012995
-0.012960
-0.012923
-0.012886
-0.012848
-0.012808
-0.012768
-0.012726
-0.012683
-0.012639
-0.012594
-0.012547
-0.012500
-0.012450
-0.012400
-0.012348
-0.012295
-0.012240
-0.012183
-0.012125
-0.012066
-0.012005
-0.011942
-0.011877
-0.011811
-0.011742
-0.011672
-0.011600
-0.011526
-0.011450
-0.011371
-0.011291
-0.011208
-0.011123
-0.011036
-0.010946
-0.010854
-0.010759
-0.010661
-0.010561
-0.010458
-0.010352
-0.010243
-0.010131
-0.010016
-0.009898
-0.009777
-0.009652
-0.009523
-0.009391
-0.009256
-0.009116
-0.008973
-0.008826
-0.008675
-0.008519
-0.008359
-0.008195
-0.008026
-0.007853
-0.007674
-0.007491
-0.007302
-0.007109
-0.006910
-0.006705
-0.006495
-0.006279
-0.006056
-0.005828
-0.005593
-0.005352
-0.005104
-0.004849
-0.004587
-0.004318
-0.004041
-0.003756
-0.003464
-0.003163
-0.002854
-0.002537
-0.002210
-0.001875
-0.001530
-0.001176
-0.000811
-0.000437
-0.000052
0.000344
0.000750
0.001169
0.001598
0.002040
0.002494
0.002960
0.003440
0.003933
0.004440
0.004961
0.005496
0.006047
0.006613
0.007194
0.007792
0.008406
0.009038
0.009687
0.010355
0.011041
0.011746
0.012471
0.013216
0.013982
0.014770
0.015579
0.016412
0.017267
0.018146
0.019050
0.019980
0.020935
0.021917
0.022926
0.023964
0.025031
0.026128
0.027255
0.028415
0.029606
0.030831
0.032091
0.033386
0.034717
0.036085
0.037492
0.038939
0.040426
0.041955
0.043527
0.045143
0.046805
0.048514
0.050270
0.052077
0.053934
0.055843
0.057807
0.059825
0.061901
0.064035
0.066230
0.068487
0.070807
0.073194
0.075648
0.078171
0.080766
0.083434
0.086179
0.089001
0.091903
0.094888
0.097958
0.101115
0.104362
0.107702
0.111137
0.114670
0.118304
0.122041
0.125886
0.129841
0.133909
0.138094
0.142399
0.146828
0.151384
0.156072
0.160894
0.165856
0.170961
0.176213
0.181618
0.187179
0.192902
0.198791
0.204851
0.211087
0.217506
0.224112
0.230911
0.237909
0.245112
0.252527
0.260160
0.268018
0.276108
0.284437
0.293012
0.301842
0.310935
0.320298
0.329941
0.339872
0.350100
0.360636
0.371488
0.382668
0.394186
0.406053
0.418281
0.430880
0.443865
0.457247
0.471040
0.485257
0.499914
0.515024
0.530604
0.546670
0.563238
0.580325
0.597951
0.616134
0.634894
0.654251
0.674227
0.694844
0.716125
0.738095
0.760780
0.784206
0.808400
0.833392
0.859213
0.885893
0.913468
0.941971
0.971439
1.001911
1.033428
1.066031
1.099766
1.134680
1.170822
1.208244
1.247002
1.287153
1.328759
1.371885
1.416599
1.462975
1.511088
1.561021
1.612860
1.666698
1.722633
1.780769
1.841218
1.904100
1.969540
2.037677
2.108656
2.182634
2.259780
2.340276
2.424318
2.512118
2.603906
2.699931
2.800464
2.905798
3.016257
3.132191
3.253987
3.382070
3.516907
3.659016
3.808972
3.967413
4.135052
4.312691
4.501229
4.701686
4.915217
5.143144
5.386982
5.648483
5.929682
6.232963
6.561138
6.917558
7.306250
7.732109
8.201160
8.720924
9.300935
9.953508
10.694886
11.547026
12.540457
13.718993
15.147613
16.924785
19.192564
22.053936
24.689063
23.785566
20.280964
17.004081
14.311449
12.060366
10.118466
8.395917
6.832328
5.385594
4.024970
2.726857
1.472167
0.244538
-0.970948
-2.188845
-3.424366
-4.694556
-6.019835
-7.426287
-8.949418
-10.640862
-12.581587
-14.911104
-17.903210
-22.214088
-29.917648
-30.602760
-22.621122
-18.225939
-15.193001
-12.812671
-10.783109
-8.939157
-7.168171
-5.373068
-3.446347
-1.236314
1.525337
5.443749
12.329441
14.243376
5.581818
0.497622
-3.266274
-6.508821
-9.623175
-12.926657
-16.855605
-22.388744
-32.031042
-26.140921
-19.973610
-16.282432
-13.563230
-11.290124
-9.202964
-7.122527
-4.871095
-2.194443
1.414851
7.381624
13.613072
3.970924
-1.767714
-5.932402
-9.577152
-13.256947
-17.576359
-23.878499
-32.648339
-23.343198
-17.676708
-13.712574
-10.195431
-6.400473
-1.284381
7.502181
1.871607
-5.182107
-9.994958
-14.253986
-18.905580
-25.468352
-34.073646
-24.497461
-18.764080
-14.545379
-10.485665
-5.468691
2.963820
0.501637
-7.226535
-12.237689
-16.577453
-21.320903
-28.203276
-34.478835
-24.743309
-18.816660
-13.781012
-7.831012
1.758655
-3.503433
-9.873991
-13.790901
-16.751455
-19.261842
-21.551358
-23.751005
-25.953699
-28.242179
-30.709196
-33.483415
-36.782766
-41.070634
-47.772141
-79.325909
-49.955299
-44.684323
-42.057922
-40.556269
-39.735093
-39.429817
