-24.023412
-24.021494
-24.019522
-24.017496
-24.015413
-24.013272
-24.011071
-24.008809
-24.006484
-24.004094
-24.001638
-23.999113
-23.996518
-23.993851
-23.991109
-23.988291
-23.985394
-23.982416
-23.979356
-23.976210
-23.972976
-23.969653
-23.966236
-23.962724
-23.959115
-23.955404
-23.951590
-23.947670
-23.943640
-23.939498
-23.935240
-23.930863
-23.926364
-23.921740
-23.916986
-23.912099
-23.907076
-23.901913
-23.896605
-23.891149
-23.885540
-23.879775
-23.873848
-23.867756
-23.861493
-23.855055
-23.848437
-23.841633
-23.834639
-23.827449
-23.820058
-23.812460
-23.804649
-23.796619
-23.788364
-23.779877
-23.771152
-23.762183
-23.752962
-23.743482
-23.733736
-23.723716
-23.713415
-23.702824
-23.691936
-23.680741
-23.669231
-23.657398
-23.645231
-23.632722
-23.619861
-23.606637
-23.593040
-23.579060
-23.564685
-23.549904
-23.534707
-23.519079
-23.503011
-23.486487
-23.469497
-23.452025
-23.434058
-23.415583
-23.396583
-23.377045
-23.356952
-23.336288
-23.315037
-23.293182
-23.270705
-23.247587
-23.223811
-23.199358
-23.174206
-23.148336
-23.121727
-23.094356
-23.066202
-23.037242
-23.007451
-22.976805
-22.945278
-22.912845
-22.879479
-22.845151
-22.809833
-22.773496
-22.736108
-22.697639
-22.658054
-22.617322
-22.575407
-22.532273
-22.487883
-22.442199
-22.395181
-22.346789
-22.296980
-22.245710
-22.192934
-22.138605
-22.082676
-22.025095
-21.965812
-21.904773
-21.841922
-21.777203
-21.710554
-21.641916
-21.571224
-21.498412
-21.423412
-21.346153
-21.266561
-21.184559
-21.100068
-21.013007
-20.923289
-20.830825
-20.735525
-20.637290
-20.536023
-20.431619
-20.323971
-20.212966
-20.098487
-19.980412
-19.858615
-19.732963
-19.603318
-19.469535
-19.331465
-19.188950
-19.041826
-18.889921
-18.733054
-18.571038
-18.403675
-18.230757
-18.052068
-17.867380
-17.676452
-17.479033
-17.274857
-17.063645
-16.845102
-16.618917
-16.384761
-16.142288
-15.891129
-15.630895
-15.361172
-15.081522
-14.791478
-14.490542
-14.178185
-13.853841
-13.516905
-13.166728
-12.802616
-12.423821
-12.029540
-11.618905
-11.190979
-10.744749
-10.279115
-9.792882
-9.284747
-8.753291
-8.196960
-7.614053
-7.002702
-6.360855
-5.686254
-4.976416
-4.228611
-3.439844
-2.606853
-1.726114
-0.793890
0.193666
1.240290
2.349193
3.522315
4.759012
6.053854
7.393151
8.750096
10.079645
11.317214
12.388862
13.237835
13.855787
14.292153
14.632276
14.965544
15.365454
15.883152
16.543816
17.332632
18.155265
18.772763
18.811385
18.041516
16.651578
15.017239
13.396683
11.901281
10.563305
9.383125
8.350583
7.453315
6.679689
6.019645
5.464765
5.008056
4.643661
4.366536
4.172124
4.056005
4.013526
4.039380
4.127146
4.268796
4.454230
4.670922
4.903843
5.135795
5.348245
5.522383
5.639630
5.680076
5.616696
5.403430
4.958679
4.157908
2.866651
1.024556
-1.295772
-3.934241
-6.733070
-9.581834
-12.416288
-15.202989
-17.926169
-20.579581
-23.161979
-25.674698
-28.120369
-30.502228
-32.823738
-35.088382
-37.299556
-39.460501
-41.574282
-43.643770
-45.671648
-47.660410
-49.612372
-51.529686
-53.414345
-55.268199
-57.092964
-58.890230
-60.661477
-62.408079
-64.131313
-65.832370
-67.512359
-69.172312
-70.813195
-72.435911
-74.041302
-75.630159
-77.203222
-78.761184
-80.304696
-81.834371
-83.350784
-84.854474
-86.345952
-87.825697
-89.294160
-90.751768
-92.198922
-93.636002
-95.063365
-96.481350
-97.890276
-99.290444
-100.682138
-102.065629
-103.441170
-104.809001
-106.169348
-107.522424
-108.868433
-110.207562
-111.539991
-112.865888
-114.185410
-115.498705
-116.805913
-118.107161
-119.402570
-120.692252
-121.976309
-123.254838
-124.527924
-125.795647
-127.058078
-128.315280
-129.567309
-130.814213
-132.056033
-133.292801
-134.524543
-135.751276
-136.973010
-138.189746
-139.401477
-140.608189
-141.809857
-143.006449
-144.197921
-145.384223
-146.565293
-147.741056
-148.911429
-150.076316
-151.235608
-152.389181
-153.536899
-154.678608
-155.814139
-156.943302
-158.065890
-159.181671
-160.290392
-161.391773
-162.485502
-163.571239
-164.648605
-165.717184
-166.776512
-167.826077
-168.865309
-169.893572
-170.910158
-171.914273
-172.905024
-173.881406
-174.842279
-175.786349
-176.712135
-177.617934
-178.501780
-179.361383
-180.194055
-180.996618
-181.765275
-182.495444
-183.181522
-183.816562
-184.391813
-184.896031
-185.314441
-185.627087
-185.806093
-185.810836
-185.578772
-185.006177
-183.901713
-181.848321
-177.611261
-164.586153
-178.766023
-186.379924
-191.335538
-195.217040
-198.516074
-201.449299
-204.131398
-206.630447
-208.990173
-211.240343
-213.402140
-215.491181
-217.519313
-219.495741
-221.427764
-223.321270
-225.181082
-227.011201
-228.814992
-230.595311
-232.354605
-234.094996
-235.818334
-237.526250
-239.220188
-240.901442
-242.571175
-244.230446
-245.880222
-247.521395
-249.154792
-250.781192
-252.401327
-254.015899
-255.625581
-257.231027
-258.832881
-260.431779
-262.028358
-263.623264
-265.217156
-266.810714
-268.404649
-269.999708
-271.596687
-273.196438
-274.799887
-276.408044
-278.022022
-279.643060
-281.272545
-282.912045
-284.563349
-286.228512
-287.909920
-289.610364
-291.333151
-293.082232
-294.862394
-296.679505
-298.540882
-300.455793
-302.436233
-304.498092
-306.663047
-308.961746
-311.439532
-314.167619
-317.267419
-320.972529
-325.831241
-333.784903
-348.231748
-332.765621
-328.439818
-326.163270
-324.782018
-323.901908
-323.340162
-322.996840
-322.811223
-322.743588
-322.766472
-322.860052
-323.009514
-323.203462
-323.432911
-323.690624
-323.970662
-324.268066
-324.578634
-324.898752
-325.225269
-325.555409
-325.886691
-326.216880
-326.543934
-326.865976
-327.181260
-327.488149
-327.785095
-328.070623
-328.343319
-328.601816
-328.844784
-329.070926
-329.278967
-329.467649
-329.635728
-329.781969
-329.905141
-330.004017
-330.077374
-330.123991
-330.142650
