0.082712
0.085505
0.088375
0.091323
0.094352
0.097464
0.100661
0.103945
0.107319
0.110785
0.114345
0.118003
0.121760
0.125620
0.129584
0.133657
0.137840
0.142137
0.146551
0.151085
0.155741
0.160524
0.165436
0.170482
0.175663
0.180985
0.186451
0.192064
0.197829
0.203749
0.209828
0.216071
0.222482
0.229065
0.235825
0.242766
0.249893
0.257210
0.264724
0.272438
0.280357
0.288488
0.296835
0.305404
0.314201
0.323231
0.332500
0.342015
0.351781
0.361805
0.372093
0.382652
0.393488
0.404609
0.416021
0.427732
0.439749
0.452079
0.464731
0.477712
0.491029
0.504692
0.518708
0.533086
0.547835
0.562963
0.578479
0.594393
0.610714
0.627452
0.644616
0.662216
0.680263
0.698766
0.717736
0.737184
0.757121
0.777557
0.798504
0.819974
0.841978
0.864528
0.887636
0.911314
0.935575
0.960431
0.985895
1.011981
1.038702
1.066070
1.094101
1.122807
1.152203
1.182304
1.213123
1.244675
1.276976
1.310041
1.343884
1.378523
1.413971
1.450246
1.487364
1.525341
1.564194
1.603939
1.644595
1.686178
1.728705
1.772196
1.816667
1.862137
1.908624
1.956148
2.004728
2.054382
2.105131
2.156993
2.209990
2.264141
2.319468
2.375991
2.433732
2.492712
2.552954
2.614479
2.677310
2.741471
2.806986
2.873877
2.942170
3.011889
3.083061
3.155710
3.229864
3.305549
3.382794
3.461627
3.542077
3.624174
3.707948
3.793432
3.880658
3.969660
4.060472
4.153129
4.247670
4.344131
4.442552
4.542975
4.645442
4.749996
4.856685
4.965555
5.076657
5.190042
5.305765
5.423883
5.544454
5.667542
5.793210
5.921529
6.052570
6.186409
6.323125
6.462803
6.605532
6.751405
6.900522
7.052989
7.208916
7.368423
7.531634
7.698684
7.869716
8.044882
8.224343
8.408274
8.596861
8.790303
8.988814
9.192624
9.401981
9.617153
9.838428
10.066119
10.300565
10.542135
10.791230
11.048288
11.313786
11.588251
11.872257
12.166441
12.471503
12.788221
13.117459
13.460180
13.817462
14.190515
14.580702
14.989568
15.418864
15.870593
16.347047
16.850861
17.385084
17.953244
18.559440
19.208432
19.905727
20.657629
21.471182
22.353840
23.312509
24.351166
25.465359
26.630324
27.778224
28.766359
29.371514
29.389158
28.807448
27.819262
26.652584
25.458704
24.311307
23.238123
22.244904
21.328166
20.481136
19.696343
18.966669
18.285720
17.647897
17.048358
16.482932
15.948023
15.440529
14.957762
14.497385
14.057358
13.635893
13.231414
12.842527
12.467995
12.106716
11.757703
11.420070
11.093019
10.775830
10.467848
10.168480
9.877182
9.593461
9.316863
9.046971
8.783401
8.525801
8.273843
8.027225
7.785665
7.548904
7.316698
7.088820
6.865061
6.645221
6.429116
6.216572
6.007427
5.801527
5.598728
5.398894
5.201898
5.007618
4.815940
4.626757
4.439964
4.255467
4.073172
3.892993
3.714845
3.538651
3.364336
3.191827
3.021056
2.851959
2.684474
2.518540
2.354103
2.191107
2.029501
1.869235
1.710261
1.552535
1.396013
1.240652
1.086412
0.933256
0.781145
0.630044
0.479919
0.330736
0.182464
0.035072
-0.111470
-0.257190
-0.402116
-0.546274
-0.689691
-0.832392
-0.974400
-1.115739
-1.256432
-1.396501
-1.535967
-1.674851
-1.813174
-1.950955
-2.088214
-2.224969
-2.361239
-2.497042
-2.632396
-2.767317
-2.901824
-3.035932
-3.169658
-3.303018
-3.436029
-3.568707
-3.701067
-3.833125
-3.964896
-4.096397
-4.227643
-4.358650
-4.489432
-4.620007
-4.750390
-4.880597
-5.010644
-5.140548
-5.270325
-5.399993
-5.529569
-5.659071
-5.788517
-5.917926
-6.047317
-6.176711
-6.306126
-6.435586
-6.565111
-6.694725
-6.824452
-6.954315
-7.084342
-7.214558
-7.344993
-7.475674
-7.606634
-7.737905
-7.869521
-8.001517
-8.133932
-8.266805
-8.400178
-8.534096
-8.668605
-8.803756
-8.939600
-9.076195
-9.213598
-9.351873
-9.491088
-9.631313
-9.772624
-9.915104
-10.058837
-10.203917
-10.350444
-10.498523
-10.648268
-10.799802
-10.953256
-11.108773
-11.266504
-11.426615
-11.589284
-11.754704
-11.923086
-12.094656
-12.269664
-12.448379
-12.631097
-12.818143
-13.009873
-13.206679
-13.408993
-13.617295
-13.832117
-14.054052
-14.283763
-14.521994
-14.769585
-15.027483
-15.296771
-15.578680
-15.874632
-16.186268
-16.515500
-16.864571
-17.236137
-17.633366
-18.060082
-18.520949
-19.021734
-19.569677
-20.174024
-20.846828
-21.604189
-22.468260
-23.470654
-24.658647
-26.107419
-27.947202
-30.434219
-34.192813
-41.648173
-48.524686
-35.564539
-30.278987
-26.781424
-24.090876
-21.851395
-19.891123
-18.111986
-16.450867
-14.862867
-13.312943
-11.771150
-10.209545
-8.599817
-6.911161
-5.108138
-3.148647
-0.983461
1.435888
4.112484
6.824288
8.728391
8.829971
7.709072
6.445252
5.446393
4.770970
4.393948
4.282759
4.414109
4.777361
5.376339
6.233159
7.396743
8.960324
11.092781
14.035149
17.206937
15.863893
11.873679
10.300771
12.351191
17.022569
18.549689
14.644069
11.549799
9.733406
9.310259
10.840700
14.296712
16.392963
14.753354
12.819687
11.510428
10.675649
10.149998
9.825769
9.633151
9.524529
9.465889
9.432344
9.405778
9.373529
9.327511
9.263463
9.180208
9.078880
8.962189
8.833760
8.697606
8.557743
8.417943
8.281600
8.151676
8.030710
7.920852
7.823923
7.741469
7.674823
7.625151
7.593498
7.580811
