0.081943
0.084685
0.087503
0.090397
0.093371
0.096426
0.099565
0.102789
0.106101
0.109504
0.112999
0.116590
0.120278
0.124067
0.127959
0.131957
0.136063
0.140281
0.144614
0.149064
0.153635
0.158329
0.163151
0.168103
0.173189
0.178412
0.183777
0.189286
0.194943
0.200753
0.206720
0.212846
0.219138
0.225598
0.232231
0.239042
0.246036
0.253216
0.260588
0.268157
0.275927
0.283904
0.292094
0.300500
0.309130
0.317989
0.327082
0.336415
0.345995
0.355827
0.365918
0.376274
0.386902
0.397808
0.409000
0.420484
0.432268
0.444359
0.456764
0.469491
0.482548
0.495943
0.509683
0.523777
0.538234
0.553062
0.568270
0.583867
0.599862
0.616264
0.633083
0.650327
0.668009
0.686136
0.704719
0.723769
0.743297
0.763312
0.783826
0.804850
0.826396
0.848474
0.871096
0.894275
0.918021
0.942349
0.967269
0.992795
1.018939
1.045714
1.073134
1.101212
1.129961
1.159395
1.189529
1.220375
1.251950
1.284266
1.317340
1.351185
1.385817
1.421251
1.457503
1.494588
1.532523
1.571322
1.611004
1.651583
1.693076
1.735501
1.778874
1.823214
1.868536
1.914859
1.962200
2.010579
2.060012
2.110519
2.162118
2.214828
2.268668
2.323659
2.379819
2.437168
2.495728
2.555517
2.616558
2.678872
2.742479
2.807402
2.873663
2.941284
3.010289
3.080701
3.152544
3.225843
3.300621
3.376905
3.454721
3.534094
3.615054
3.697627
3.781842
3.867728
3.955317
4.044640
4.135727
4.228614
4.323334
4.419922
4.518416
4.618854
4.721275
4.825720
4.932232
5.040855
5.151636
5.264623
5.379867
5.497419
5.617337
5.739676
5.864499
5.991868
6.121851
6.254518
6.389943
6.528205
6.669386
6.813574
6.960859
7.111342
7.265124
7.422316
7.583034
7.747403
7.915555
8.087631
8.263782
8.444168
8.628961
8.818346
9.012522
9.211700
9.416110
9.626000
9.841636
10.063308
10.291327
10.526035
10.767802
11.017032
11.274166
11.539690
11.814136
12.098090
12.392202
12.697192
13.013861
13.343105
13.685929
14.043465
14.416995
14.807977
15.218079
15.649225
16.103641
16.583929
17.093149
17.634942
18.213673
18.834645
19.504380
20.231017
21.024896
21.899400
22.872268
23.967639
25.219437
26.677119
28.415822
30.553912
33.274200
36.735049
39.744218
38.133730
34.483329
31.457810
29.097116
27.198099
25.619360
24.271635
23.097075
22.056614
21.122823
20.275778
19.500591
18.785854
18.122649
17.503872
16.923776
16.377651
15.861585
15.372296
14.907007
14.463342
14.039257
13.632979
13.242962
12.867846
12.506435
12.157663
11.820585
11.494353
11.178205
10.871456
10.573483
10.283723
10.001663
9.726835
9.458810
9.197195
8.941627
8.691773
8.447325
8.207999
7.973529
7.743671
7.518196
7.296890
7.079556
6.866008
6.656072
6.449585
6.246394
6.046356
5.849337
5.655208
5.463851
5.275152
5.089005
4.905310
4.723970
4.544897
4.368004
4.193210
4.020440
3.849620
3.680682
3.513558
3.348189
3.184512
3.022474
2.862019
2.703097
2.545659
2.389658
2.235051
2.081795
1.929850
1.779178
1.629742
1.481507
1.334441
1.188512
1.043689
0.899943
0.757247
0.615576
0.474903
0.335205
0.196460
0.058646
-0.078259
-0.214272
-0.349414
-0.483701
-0.617151
-0.749779
-0.881601
-1.012630
-1.142882
-1.272367
-1.401100
-1.529090
-1.656349
-1.782887
-1.908714
-2.033838
-2.158267
-2.282010
-2.405074
-2.527465
-2.649189
-2.770253
-2.890660
-3.010416
-3.129526
-3.247992
-3.365818
-3.483006
-3.599560
-3.715481
-3.830771
-3.945431
-4.059462
-4.172864
-4.285638
-4.397782
-4.509297
-4.620181
-4.730433
-4.840051
-4.949034
-5.057379
-5.165083
-5.272144
-5.378557
-5.484320
-5.589429
-5.693879
-5.797666
-5.900786
-6.003232
-6.105000
-6.206084
-6.306478
-6.406176
-6.505171
-6.603456
-6.701024
-6.797868
-6.893979
-6.989349
-7.083970
-7.177833
-7.270928
-7.363246
-7.454776
-7.545508
-7.635430
-7.724531
-7.812798
-7.900219
-7.986780
-8.072467
-8.157264
-8.241156
-8.324125
-8.406154
-8.487224
-8.567315
-8.646404
-8.724469
-8.801484
-8.877423
-8.952257
-9.025955
-9.098482
-9.169804
-9.239878
-9.308662
-9.376109
-9.442166
-9.506776
-9.569877
-9.631398
-9.691264
-9.749389
-9.805679
-9.860029
-9.912323
-9.962429
-10.010203
-10.055479
-10.098073
-10.137778
-10.174358
-10.207548
-10.237044
-10.262504
-10.283534
-10.299685
-10.310440
-10.315207
-10.313297
-10.303916
-10.286138
-10.258882
-10.220883
-10.170649
-10.106417
-10.026090
-9.927165
-9.806628
-9.660837
-9.485347
-9.274693
-9.022091
-8.719019
-8.354627
-7.914874
-7.381221
-6.728573
-5.921890
-4.910306
-3.616351
-1.915398
0.401271
3.632181
7.155932
5.610886
1.092721
-2.583480
-5.457691
-7.819269
-9.857672
-11.701970
-13.457968
-15.237597
-17.198924
-19.642178
-23.376204
-32.837125
-26.943450
-14.485878
-0.346409
-2.946314
-9.446333
-12.081053
-11.887658
-8.121988
-0.045034
14.569258
0.078865
-3.828618
-5.419473
-5.251362
-2.586564
4.126706
10.069891
3.350949
0.252247
-1.265579
-2.063376
-2.477901
-2.671383
-2.734537
-2.723719
-2.676325
-2.617814
-2.565235
-2.529235
-2.515464
-2.525752
-2.559168
-2.612973
-2.683419
-2.766365
-2.857706
-2.953638
-3.050793
-3.146283
-3.237686
-3.322999
-3.400574
-3.469053
-3.527311
-3.574394
-3.609477
-3.631830
-3.640788
