-0.018749
-0.018827
-0.018908
-0.018991
-0.019076
-0.019163
-0.019253
-0.019345
-0.019440
-0.019538
-0.019638
-0.019741
-0.019847
-0.019956
-0.020068
-0.020183
-0.020302
-0.020423
-0.020548
-0.020677
-0.020809
-0.020944
-0.021084
-0.021227
-0.021374
-0.021526
-0.021682
-0.021842
-0.022006
-0.022175
-0.022349
-0.022528
-0.022711
-0.022900
-0.023094
-0.023294
-0.023499
-0.023709
-0.023926
-0.024149
-0.024377
-0.024613
-0.024855
-0.025103
-0.025359
-0.025621
-0.025891
-0.026169
-0.026454
-0.026747
-0.027049
-0.027359
-0.027677
-0.028005
-0.028342
-0.028688
-0.029043
-0.029409
-0.029785
-0.030172
-0.030569
-0.030977
-0.031397
-0.031829
-0.032273
-0.032729
-0.033198
-0.033680
-0.034176
-0.034686
-0.035210
-0.035748
-0.036302
-0.036872
-0.037457
-0.038059
-0.038678
-0.039314
-0.039968
-0.040640
-0.041332
-0.042043
-0.042774
-0.043525
-0.044298
-0.045093
-0.045910
-0.046750
-0.047614
-0.048502
-0.049416
-0.050355
-0.051321
-0.052314
-0.053336
-0.054386
-0.055466
-0.056577
-0.057719
-0.058894
-0.060102
-0.061345
-0.062623
-0.063937
-0.065289
-0.066679
-0.068110
-0.069580
-0.071093
-0.072650
-0.074250
-0.075897
-0.077591
-0.079333
-0.081125
-0.082969
-0.084866
-0.086817
-0.088825
-0.090891
-0.093016
-0.095202
-0.097452
-0.099767
-0.102148
-0.104599
-0.107121
-0.109716
-0.112387
-0.115135
-0.117963
-0.120874
-0.123870
-0.126954
-0.130127
-0.133394
-0.136756
-0.140218
-0.143781
-0.147449
-0.151225
-0.155112
-0.159114
-0.163235
-0.167478
-0.171847
-0.176345
-0.180978
-0.185748
-0.190661
-0.195721
-0.200932
-0.206299
-0.211827
-0.217521
-0.223387
-0.229429
-0.235654
-0.242067
-0.248674
-0.255481
-0.262495
-0.269723
-0.277170
-0.284845
-0.292754
-0.300905
-0.309306
-0.317965
-0.326890
-0.336089
-0.345572
-0.355348
-0.365426
-0.375816
-0.386527
-0.397571
-0.408959
-0.420700
-0.432808
-0.445293
-0.458168
-0.471445
-0.485138
-0.499260
-0.513824
-0.528845
-0.544338
-0.560318
-0.576800
-0.593801
-0.611337
-0.629425
-0.648083
-0.667329
-0.687181
-0.707659
-0.728781
-0.750569
-0.773042
-0.796223
-0.820132
-0.844792
-0.870227
-0.896458
-0.923510
-0.951408
-0.980177
-1.009841
-1.040428
-1.071962
-1.104472
-1.137985
-1.172529
-1.208131
-1.244822
-1.282629
-1.321582
-1.361711
-1.403047
-1.445619
-1.489458
-1.534594
-1.581059
-1.628883
-1.678098
-1.728734
-1.780821
-1.834391
-1.889475
-1.946101
-2.004301
-2.064103
-2.125537
-2.188630
-2.253411
-2.319907
-2.388144
-2.458148
-2.529942
-2.603552
-2.678998
-2.756303
-2.835488
-2.916570
-2.999568
-3.084498
-3.171375
-3.260212
-3.351022
-3.443814
-3.538598
-3.635381
-3.734168
-3.834964
-3.937771
-4.042590
-4.149420
-4.258258
-4.369102
-4.481944
-4.596779
-4.713598
-4.832392
-4.953148
-5.075856
-5.200501
-5.327069
-5.455545
-5.585912
-5.718154
-5.852251
-5.988186
-6.125940
-6.265493
-6.406827
-6.549921
-6.694755
-6.841311
-6.989568
-7.139509
-7.291114
-7.444366
-7.599247
-7.755740
-7.913832
-8.073507
-8.234751
-8.397554
-8.561903
-8.727790
-8.895208
-9.064149
-9.234609
-9.406586
-9.580078
-9.755087
-9.931614
-10.109664
-10.289244
-10.470363
-10.653031
-10.837261
-11.023067
-11.210466
-11.399478
-11.590122
-11.782423
-11.976406
-12.172099
-12.369530
-12.568732
-12.769740
-12.972591
-13.177323
-13.383979
-13.592603
-13.803244
-14.015951
-14.230778
-14.447785
-14.667032
-14.888585
-15.112515
-15.338898
-15.567815
-15.799354
-16.033610
-16.270683
-16.510685
-16.753732
-16.999953
-17.249486
-17.502479
-17.759092
-18.019496
-18.283878
-18.552434
-18.825376
-19.102928
-19.385331
-19.672837
-19.965713
-20.264241
-20.568714
-20.879438
-21.196731
-21.520922
-21.852347
-22.191353
-22.538293
-22.893525
-23.257412
-23.630321
-24.012620
-24.404680
-24.806875
-25.219578
-25.643165
-26.078014
-26.524505
-26.983022
-27.453952
-27.937685
-28.434613
-28.945130
-29.469630
-30.008499
-30.562114
-31.130835
-31.714998
-32.314903
-32.930806
-33.562906
-34.211337
-34.876153
-35.557323
-36.254717
-36.968108
-37.697161
-38.441440
-39.200407
-39.973430
-40.759788
-41.558690
-42.369279
-43.190650
-44.021864
-44.861960
-45.709972
-46.564933
-47.425896
-48.291935
-49.162154
-50.035696
-50.911743
-51.789523
-52.668306
-53.547409
-54.426194
-55.304068
-56.180479
-57.054914
-57.926899
-58.795996
-59.661798
-60.523926
-61.382031
-62.235786
-63.084885
-63.929043
-64.767988
-65.601465
-66.429227
-67.251040
-68.066672
-68.875899
-69.678499
-70.474247
-71.262917
-72.044278
-72.818090
-73.584104
-74.342055
-75.091664
-75.832630
-76.564628
-77.287309
-78.000289
-78.703154
-79.395448
-80.076676
-80.746296
-81.403719
-82.048307
-82.679370
-83.296171
-83.897921
-84.483789
-85.052908
-85.604382
-86.137297
-86.650741
-87.143816
-87.615660
-88.065470
-88.492519
-88.896184
-89.275960
-89.631481
-89.962529
-90.269047
-90.551134
-90.809044
-91.043174
-91.254050
-91.442304
-91.608650
-91.753858
-91.878730
-91.984066
-92.070647
-92.139201
-92.190385
-92.224765
-92.242790
-92.244778
-92.230897
-92.201142
-92.155318
-92.093019
-92.013596
-91.916137
-91.799423
-91.661897
-91.501611
-91.316184
-91.102739
-90.857859
-90.577539
-90.257171
-89.891582
-89.475169
-89.002214
-88.467511
-87.867499
-87.202252
-86.478815
-85.716605
-84.955704
-84.268232
-83.770025
-83.621799
-83.999022
-85.022776
-86.700140
-88.943094
-91.649776
-94.779045
-98.405016
-102.815373
-108.909282
-121.861159
-117.609653
-110.614195
-107.538152
-105.751760
-104.608962
-103.854719
-103.367166
-103.084020
-102.975917
