0.034938
0.036259
0.037617
0.039013
0.040448
0.041923
0.043440
0.044999
0.046601
0.048249
0.049943
0.051684
0.053474
0.055315
0.057207
0.059152
0.061151
0.063207
0.065321
0.067494
0.069728
0.072025
0.074386
0.076814
0.079311
0.081877
0.084516
0.087229
0.090019
0.092887
0.095836
0.098869
0.101987
0.105193
0.108490
0.111879
0.115365
0.118950
0.122636
0.126426
0.130324
0.134332
0.138454
0.142693
0.147052
0.151536
0.156146
0.160889
0.165766
0.170782
0.175941
0.181247
0.186705
0.192319
0.198094
0.204034
0.210144
0.216430
0.222895
0.229547
0.236390
0.243429
0.250672
0.258124
0.265790
0.273679
0.281795
0.290147
0.298741
0.307584
0.316685
0.326050
0.335688
0.345608
0.355818
0.366326
0.377143
0.388277
0.399739
0.411538
0.423685
0.436191
0.449068
0.462326
0.475978
0.490036
0.504514
0.519424
0.534781
0.550599
0.566892
0.583677
0.600969
0.618784
0.637141
0.656056
0.675548
0.695637
0.716343
0.737685
0.759687
0.782369
0.805756
0.829871
0.854741
0.880390
0.906847
0.934139
0.962297
0.991351
1.021334
1.052279
1.084221
1.117197
1.151245
1.186405
1.222719
1.260230
1.298985
1.339031
1.380419
1.423201
1.467433
1.513173
1.560481
1.609422
1.660064
1.712476
1.766735
1.822919
1.881111
1.941400
2.003877
2.068642
2.135799
2.205457
2.277735
2.352756
2.430653
2.511566
2.595646
2.683053
2.773958
2.868544
2.967007
3.069558
3.176423
3.287847
3.404091
3.525439
3.652200
3.784705
3.923318
4.068433
4.220480
4.379932
4.547305
4.723170
4.908155
5.102956
5.308346
5.525190
5.754451
5.997218
6.254715
6.528335
6.819667
7.130533
7.463039
7.819631
8.203179
8.617069
9.065342
9.552861
10.085553
10.670728
11.317529
12.037573
12.845871
13.762174
14.812939
16.034080
17.474184
19.194794
21.248321
23.536257
25.257467
24.779020
22.471572
19.920152
17.662983
15.729667
14.059873
12.594815
11.289396
10.110395
9.033263
8.039573
7.115241
6.249302
5.433077
4.659588
3.923144
3.219045
2.543367
1.892795
1.264507
0.656072
0.065387
-0.509389
-1.069875
-1.617505
-2.153558
-2.679183
-3.195416
-3.703202
-4.203400
-4.696803
-5.184144
-5.666104
-6.143320
-6.616393
-7.085891
-7.552356
-8.016309
-8.478250
-8.938666
-9.398033
-9.856820
-10.315490
-10.774505
-11.234329
-11.695429
-12.158281
-12.623371
-13.091197
-13.562277
-14.037149
-14.516373
-15.000542
-15.490279
-15.986247
-16.489155
-16.999759
-17.518874
-18.047379
-18.586229
-19.136456
-19.699189
-20.275656
-20.867198
-21.475280
-22.101495
-22.747570
-23.415359
-24.106824
-24.823990
-25.568849
-26.343198
-27.148339
-27.984577
-28.850367
-29.740933
-30.646102
-31.547182
-32.413107
-33.197295
-33.838886
-34.273531
-34.454774
-34.375240
-34.070432
-33.601579
-33.032496
-32.414983
-31.785002
-31.164904
-30.567306
-29.998515
-29.460996
-28.954985
-28.479486
-28.032875
-27.613252
-27.218646
-26.847122
-26.496846
-26.166107
-25.853329
-25.557072
-25.276020
-25.008979
-24.754861
-24.512678
-24.281528
-24.060591
-23.849116
-23.646418
-23.451867
-23.264882
-23.084929
-22.911512
-22.744169
-22.582471
-22.426013
-22.274411
-22.127301
-21.984330
-21.845155
-21.709436
-21.576829
-21.446979
-21.319511
-21.194016
-21.070036
-20.947040
-20.824394
-20.701323
-20.576845
-20.449692
-20.318190
-20.180081
-20.032266
-19.870423
-19.688431
-19.477499
-19.224858
-18.911786
-18.510680
-17.980854
-17.262747
-16.270300
-14.880420
-12.913281
-10.074875
-5.734101
2.314227
7.355597
-2.058618
-5.971590
-8.179028
-9.578008
-10.513805
-11.155127
-11.595993
-11.893266
-12.083268
-12.190108
-12.230209
-12.214942
-12.152217
-12.047483
-11.904372
-11.725106
-11.510767
-11.261450
-10.976345
-10.653744
-10.290994
-9.884376
-9.428900
-8.917991
-8.343010
-7.692521
-6.951161
-6.097801
-5.102458
-3.920749
-2.483126
-0.671609
1.738762
5.266948
11.662452
24.941339
9.042676
3.408008
-0.097541
-2.669975
-4.713637
-6.413643
-7.869350
-9.139350
-10.260148
-11.255048
-12.138829
-12.920417
-13.604540
-14.192877
-14.684928
-15.078773
-15.371749
-15.561064
-15.644267
-15.619551
-15.485785
-15.242276
-14.888254
-14.422098
-13.840336
-13.136363
-12.298725
-11.308622
-10.135831
-8.731362
-7.012689
-4.829887
-1.872298
2.681327
12.821203
10.853835
2.009443
-2.284081
-5.138433
-7.276120
-8.982822
-10.400962
-11.611798
-12.665989
-13.597160
-14.428675
-15.177338
-15.855542
-16.472599
-17.035590
-17.549921
-18.019712
-18.448054
-18.837193
-19.188656
-19.503333
-19.781521
-20.022940
-20.226727
-20.391384
-20.514700
-20.593615
-20.624013
-20.600408
-20.515449
-20.359129
-20.117461
-19.770141
-19.286095
-18.614240
-17.661860
-16.235034
-13.828862
-8.448430
1.332655
-13.671013
-15.169314
-12.448775
-6.342929
12.665456
-8.400127
-14.345228
-18.059071
-20.831727
-23.084216
-25.006856
-26.701987
-28.231130
-29.634322
-30.939250
-32.166011
-33.329808
-34.442553
-35.513891
-36.551869
-37.563395
-38.554572
-39.530940
-40.497679
-41.459762
-42.422113
-43.389740
-44.367891
-45.362221
-46.378998
-47.425369
-48.509706
-49.642103
-50.835088
-52.104700
-53.472191
-54.966854
-56.631023
-58.529616
-60.770337
-63.553080
-67.320666
-73.449584
-100.479940
-74.904586
-68.970897
-65.681759
-63.451623
-61.797072
-60.505701
-59.465368
-58.609808
-57.896787
-57.297910
-56.793349
-56.368894
-56.014211
-55.721761
-55.486117
-55.303528
-55.171640
-55.089350
-55.056737
