0.061116
0.063245
0.065433
0.067683
0.069996
0.072373
0.074817
0.077330
0.079914
0.082569
0.085300
0.088107
0.090993
0.093960
0.097011
0.100147
0.103371
0.106687
0.110095
0.113600
0.117203
0.120908
0.124717
0.128634
0.132661
0.136802
0.141060
0.145438
0.149940
0.154569
0.159330
0.164224
0.169258
0.174434
0.179757
0.185231
0.190860
0.196650
0.202603
0.208726
0.215023
0.221500
0.228161
0.235012
0.242058
0.249306
0.256760
0.264428
0.272315
0.280428
0.288774
0.297359
0.306191
0.315276
0.324623
0.334239
0.344132
0.354310
0.364783
0.375558
0.386645
0.398053
0.409792
0.421873
0.434304
0.447098
0.460264
0.473815
0.487762
0.502117
0.516893
0.532103
0.547760
0.563878
0.580472
0.597556
0.615145
0.633256
0.651904
0.671107
0.690883
0.711249
0.732225
0.753830
0.776083
0.799007
0.822622
0.846952
0.872019
0.897848
0.924463
0.951891
0.980158
1.009293
1.039325
1.070283
1.102199
1.135105
1.169036
1.204025
1.240110
1.277329
1.315721
1.355326
1.396188
1.438350
1.481860
1.526764
1.573113
1.620959
1.670355
1.721360
1.774031
1.828430
1.884620
1.942668
2.002644
2.064621
2.128672
2.194878
2.263319
2.334082
2.407255
2.482931
2.561206
2.642180
2.725958
2.812648
2.902362
2.995217
3.091333
3.190833
3.293846
3.400503
3.510938
3.625287
3.743689
3.866280
3.993200
4.124583
4.260558
4.401249
4.546767
4.697207
4.852644
5.013124
5.178658
5.349206
5.524672
5.704879
5.889558
6.078317
6.270617
6.465738
6.662738
6.860410
7.057233
7.251323
7.440375
7.621628
7.791827
7.947225
8.083613
8.196414
8.280834
8.332087
8.345685
8.317763
8.245404
8.126910
7.961971
7.751695
7.498497
7.205864
6.878045
6.519723
6.135705
5.730666
5.308971
4.874552
4.430857
3.980839
3.526974
3.071301
2.615473
2.160805
1.708328
1.258834
0.812917
0.371007
-0.066594
-0.499694
-0.928182
-1.352017
-1.771209
-2.185812
-2.595910
-3.001612
-3.403044
-3.800348
-4.193674
-4.583179
-4.969024
-5.351372
-5.730386
-6.106231
-6.479068
-6.849058
-7.216359
-7.581126
-7.943511
-8.303665
-8.661734
-9.017860
-9.372185
-9.724846
-10.075978
-10.425713
-10.774182
-11.121511
-11.467826
-11.813251
-12.157907
-12.501915
-12.845393
-13.188459
-13.531230
-13.873821
-14.216347
-14.558923
-14.901664
-15.244682
-15.588092
-15.932008
-16.276545
-16.621815
-16.967935
-17.315019
-17.663184
-18.012545
-18.363219
-18.715323
-19.068974
-19.424290
-19.781388
-20.140384
-20.501395
-20.864534
-21.229913
-21.597642
-21.967824
-22.340559
-22.715937
-23.094042
-23.474943
-23.858695
-24.245335
-24.634875
-25.027300
-25.422561
-25.820565
-26.221167
-26.624163
-27.029271
-27.436123
-27.844244
-28.253035
-28.661755
-29.069490
-29.475138
-29.877382
-30.274664
-30.665168
-31.046812
-31.417241
-31.773844
-32.113793
-32.434098
-32.731699
-33.003583
-33.246925
-33.459239
-33.638531
-33.783436
-33.893314
-33.968291
-34.009254
-34.017776
-33.996005
-33.946514
-33.872151
-33.775884
-33.660668
-33.529342
-33.384544
-33.228664
-33.063814
-32.891816
-32.714208
-32.532249
-32.346942
-32.159049
-31.969106
-31.777440
-31.584178
-31.389257
-31.192420
-30.993209
-30.790956
-30.584750
-30.373405
-30.155399
-29.928805
-29.691174
-29.439397
-29.169489
-28.876306
-28.553132
-28.191090
-27.778283
-27.298520
-26.729381
-26.039205
-25.182208
-24.090232
-22.657897
-20.714592
-17.976962
-14.118400
-11.136054
-14.338387
-18.226204
-20.957491
-22.859538
-24.212341
-25.189706
-25.903284
-26.427920
-26.815168
-27.101115
-27.311256
-27.463685
-27.571210
-27.642762
-27.684304
-27.699372
-27.689314
-27.653254
-27.587743
-27.486033
-27.336803
-27.122132
-26.814393
-26.371729
-25.731892
-24.804474
-23.461226
-21.519783
-18.698695
-14.477701
-8.151969
-7.607703
-12.733225
-15.896724
-17.874943
-19.200342
-20.130540
-20.803543
-21.300041
-21.670324
-21.947268
-22.153171
-22.303607
-22.409714
-22.479604
-22.519277
-22.533216
-22.524786
-22.496514
-22.450278
-22.387443
-22.308950
-22.215382
-22.107002
-21.983771
-21.845351
-21.691093
-21.519997
-21.330658
-21.121177
-20.889029
-20.630879
-20.342300
-20.017360
-19.647992
-19.223005
-18.726467
-18.134954
-17.412569
-16.501226
-15.299648
-13.610978
-10.979180
-5.916586
9.736033
-9.099431
-16.553327
-21.987401
-26.906670
-31.965605
-37.469166
-41.500259
-40.428641
-38.318494
-36.979259
-36.342342
-36.287242
-36.806116
-38.014189
-40.041564
-41.124950
-36.149975
-29.027990
-20.970211
-5.591419
-12.568831
-18.494920
-21.296531
-23.066064
-24.349358
-25.362844
-26.211260
-26.951763
-27.618200
-28.231844
-28.806694
-29.352305
-29.875406
-30.380864
-30.872279
-31.352377
-31.823261
-32.286587
-32.743685
-33.195640
-33.643355
-34.087596
-34.529026
-34.968225
-35.405711
-35.841955
-36.277392
-36.712427
-37.147445
-37.582816
-38.018899
-38.456044
-38.894601
-39.334916
-39.777341
-40.222230
-40.669944
-41.120855
-41.575347
-42.033816
-42.496676
-42.964361
-43.437325
-43.916051
-44.401047
-44.892855
-45.392052
-45.899259
-46.415143
-46.940421
-47.475874
-48.022350
-48.580772
-49.152154
-49.737613
-50.338382
-50.955829
-51.591482
-52.247054
-52.924474
-53.625933
-54.353930
-55.111338
-55.901484
-56.728257
-57.596243
-58.510911
-59.478864
-60.508185
-61.608935
-62.793882
-64.079599
-65.488214
-67.050300
-68.809983
-70.834676
-73.235693
-76.218675
-80.238104
-86.712538
-118.075731
-88.547446
-83.149080
-80.423768
-78.850562
-77.984695
-77.661699
