-0.018118
-0.018182
-0.018247
-0.018314
-0.018384
-0.018455
-0.018528
-0.018603
-0.018680
-0.018759
-0.018841
-0.018925
-0.019011
-0.019100
-0.019191
-0.019285
-0.019381
-0.019480
-0.019582
-0.019686
-0.019794
-0.019904
-0.020018
-0.020135
-0.020255
-0.020378
-0.020505
-0.020635
-0.020769
-0.020907
-0.021049
-0.021195
-0.021344
-0.021498
-0.021657
-0.021819
-0.021987
-0.022159
-0.022336
-0.022517
-0.022704
-0.022897
-0.023094
-0.023297
-0.023506
-0.023721
-0.023942
-0.024169
-0.024402
-0.024642
-0.024889
-0.025143
-0.025404
-0.025672
-0.025948
-0.026231
-0.026523
-0.026823
-0.027131
-0.027449
-0.027775
-0.028110
-0.028455
-0.028810
-0.029175
-0.029550
-0.029936
-0.030332
-0.030741
-0.031160
-0.031592
-0.032036
-0.032493
-0.032962
-0.033446
-0.033943
-0.034454
-0.034980
-0.035521
-0.036077
-0.036649
-0.037238
-0.037844
-0.038468
-0.039109
-0.039768
-0.040447
-0.041146
-0.041864
-0.042604
-0.043365
-0.044148
-0.044953
-0.045782
-0.046636
-0.047514
-0.048417
-0.049348
-0.050305
-0.051290
-0.052304
-0.053349
-0.054423
-0.055530
-0.056669
-0.057841
-0.059048
-0.060291
-0.061571
-0.062889
-0.064246
-0.065644
-0.067083
-0.068565
-0.070091
-0.071663
-0.073283
-0.074951
-0.076669
-0.078439
-0.080263
-0.082142
-0.084078
-0.086072
-0.088128
-0.090246
-0.092429
-0.094678
-0.096997
-0.099387
-0.101851
-0.104390
-0.107009
-0.109708
-0.112491
-0.115361
-0.118320
-0.121372
-0.124519
-0.127765
-0.131113
-0.134567
-0.138129
-0.141805
-0.145597
-0.149509
-0.153546
-0.157712
-0.162011
-0.166448
-0.171028
-0.175754
-0.180634
-0.185671
-0.190871
-0.196239
-0.201783
-0.207507
-0.213417
-0.219521
-0.225825
-0.232336
-0.239061
-0.246007
-0.253182
-0.260594
-0.268251
-0.276162
-0.284336
-0.292780
-0.301506
-0.310521
-0.319837
-0.329464
-0.339412
-0.349691
-0.360315
-0.371293
-0.382638
-0.394362
-0.406478
-0.418999
-0.431938
-0.445309
-0.459126
-0.473404
-0.488157
-0.503400
-0.519150
-0.535421
-0.552231
-0.569595
-0.587531
-0.606056
-0.625188
-0.644943
-0.665341
-0.686399
-0.708137
-0.730572
-0.753724
-0.777612
-0.802255
-0.827672
-0.853882
-0.880905
-0.908760
-0.937466
-0.967041
-0.997505
-1.028875
-1.061170
-1.094407
-1.128604
-1.163776
-1.199940
-1.237111
-1.275303
-1.314529
-1.354802
-1.396133
-1.438533
-1.482009
-1.526570
-1.572221
-1.618966
-1.666809
-1.715750
-1.765788
-1.816921
-1.869142
-1.922445
-1.976820
-2.032256
-2.088737
-2.146247
-2.204767
-2.264273
-2.324742
-2.386145
-2.448451
-2.511628
-2.575637
-2.640441
-2.705995
-2.772255
-2.839172
-2.906693
-2.974764
-3.043328
-3.112322
-3.181684
-3.251346
-3.321238
-3.391289
-3.461421
-3.531559
-3.601620
-3.671522
-3.741179
-3.810505
-3.879408
-3.947798
-4.015581
-4.082662
-4.148946
-4.214336
-4.278734
-4.342043
-4.404163
-4.464998
-4.524452
-4.582429
-4.638835
-4.693582
-4.746580
-4.797749
-4.847009
-4.894290
-4.939527
-4.982665
-5.023658
-5.062474
-5.099091
-5.133505
-5.165730
-5.195798
-5.223765
-5.249713
-5.273751
-5.296022
-5.316700
-5.336001
-5.354181
-5.371541
-5.388429
-5.405245
-5.422439
-5.440516
-5.460031
-5.481591
-5.505850
-5.533504
-5.565279
-5.601923
-5.644191
-5.692830
-5.748556
-5.812036
-5.883863
-5.964536
-6.054436
-6.153808
-6.262744
-6.381172
-6.508850
-6.645366
-6.790145
-6.942457
-7.101443
-7.266125
-7.435439
-7.608260
-7.783424
-7.959762
-8.136124
-8.311406
-8.484576
-8.654701
-8.820968
-8.982717
-9.139463
-9.290932
-9.437089
-9.578177
-9.714755
-9.847740
-9.978445
-10.108617
-10.240467
-10.376678
-10.520395
-10.675182
-10.844930
-11.033736
-11.245730
-11.484887
-11.754837
-12.058720
-12.399107
-12.778035
-13.197155
-13.657983
-14.162210
-14.712022
-15.310328
-15.960838
-16.667912
-17.436142
-18.269698
-19.171537
-20.142651
-21.181548
-22.284118
-23.443924
-24.652822
-25.901750
-27.181492
-28.483296
-29.799288
-31.122682
-32.447837
-33.770202
-35.086202
-36.393102
-37.688861
-38.972004
-40.241507
-41.496695
-42.737167
-43.962730
-45.173347
-46.369096
-47.550140
-48.716703
-49.869047
-51.007461
-52.132251
-53.243727
-54.342200
-55.427977
-56.501356
-57.562626
-58.612060
-59.649924
-60.676463
-61.691913
-62.696493
-63.690409
-64.673852
-65.647001
-66.610021
-67.563066
-68.506278
-69.439789
-70.363721
-71.278187
-72.183292
-73.079131
-73.965795
-74.843366
-75.711920
-76.571527
-77.422250
-78.264143
-79.097254
-79.921620
-80.737264
-81.544200
-82.342417
-83.131886
-83.912550
-84.684317
-85.447051
-86.200568
-86.944621
-87.678890
-88.402967
-89.116342
-89.818390
-90.508348
-91.185305
-91.848184
-92.495731
-93.126506
-93.738881
-94.331055
-94.901068
-95.446842
-95.966232
-96.457097
-96.917389
-97.345243
-97.739087
-98.097733
-98.420461
-98.707075
-98.957928
-99.173913
-99.356415
-99.507239
-99.628519
-99.722613
-99.792006
-99.839208
-99.866684
-99.876787
-99.871713
-99.853470
-99.823866
-99.784499
-99.736765
-99.681861
-99.620799
-99.554420
-99.483406
-99.408294
-99.329488
-99.247265
-99.161787
-99.073105
-98.981156
-98.885771
-98.786661
-98.683412
-98.575470
-98.462117
-98.342438
-98.215278
-98.079173
-97.932259
-97.772136
-97.595651
-97.398575
-97.175053
-96.916652
-96.610556
-96.235921
-95.755714
-95.096846
-94.098570
-92.386278
-89.210194
-84.018281
-78.818210
-81.878996
-89.523747
-96.173821
-102.562697
-110.247683
-127.740425
-117.390997
-111.759860
-109.170265
-107.638966
-106.632871
-105.936020
-105.442623
-105.095154
-104.860763
-104.720955
-104.666842
