-0.016920
-0.016845
-0.016768
-0.016688
-0.016607
-0.016523
-0.016437
-0.016348
-0.016258
-0.016164
-0.016068
-0.015969
-0.015868
-0.015764
-0.015656
-0.015546
-0.015433
-0.015317
-0.015197
-0.015074
-0.014948
-0.014818
-0.014684
-0.014547
-0.014406
-0.014261
-0.014112
-0.013959
-0.013802
-0.013640
-0.013474
-0.013303
-0.013128
-0.012947
-0.012762
-0.012571
-0.012375
-0.012174
-0.011967
-0.011754
-0.011536
-0.011311
-0.011080
-0.010843
-0.010599
-0.010348
-0.010090
-0.009825
-0.009553
-0.009273
-0.008986
-0.008690
-0.008386
-0.008074
-0.007753
-0.007423
-0.007084
-0.006736
-0.006378
-0.006010
-0.005632
-0.005243
-0.004843
-0.004432
-0.004010
-0.003576
-0.003131
-0.002672
-0.002201
-0.001717
-0.001219
-0.000708
-0.000182
0.000358
0.000913
0.001484
0.002070
0.002673
0.003293
0.003930
0.004584
0.005257
0.005949
0.006659
0.007390
0.008141
0.008912
0.009705
0.010520
0.011358
0.012219
0.013104
0.014014
0.014949
0.015910
0.016898
0.017913
0.018956
0.020028
0.021130
0.022263
0.023428
0.024624
0.025854
0.027118
0.028418
0.029753
0.031126
0.032537
0.033987
0.035477
0.037009
0.038583
0.040201
0.041864
0.043574
0.045331
0.047137
0.048993
0.050901
0.052861
0.054877
0.056948
0.059077
0.061266
0.063515
0.065827
0.068203
0.070645
0.073155
0.075735
0.078387
0.081113
0.083914
0.086794
0.089753
0.092795
0.095922
0.099136
0.102439
0.105834
0.109324
0.112910
0.116597
0.120387
0.124281
0.128285
0.132400
0.136629
0.140976
0.145445
0.150038
0.154759
0.159611
0.164598
0.169725
0.174994
0.180411
0.185978
0.191700
0.197582
0.203628
0.209843
0.216230
0.222796
0.229545
0.236482
0.243613
0.250943
0.258477
0.266221
0.274182
0.282364
0.290775
0.299421
0.308308
0.317443
0.326834
0.336486
0.346408
0.356608
0.367092
0.377869
0.388948
0.400336
0.412042
0.424075
0.436445
0.449161
0.462233
0.475670
0.489483
0.503683
0.518280
0.533285
0.548711
0.564569
0.580870
0.597628
0.614856
0.632566
0.650772
0.669489
0.688730
0.708511
0.728846
0.749752
0.771243
0.793338
0.816053
0.839404
0.863412
0.888093
0.913466
0.939552
0.966371
0.993942
1.022288
1.051429
1.081389
1.112190
1.143856
1.176412
1.209881
1.244290
1.279666
1.316034
1.353423
1.391861
1.431377
1.472001
1.513764
1.556696
1.600831
1.646201
1.692839
1.740780
1.790059
1.840711
1.892774
1.946285
2.001281
2.057801
2.115884
2.175570
2.236899
2.299911
2.364647
2.431149
2.499456
2.569611
2.641653
2.715622
2.791560
2.869502
2.949487
3.031551
3.115725
3.202041
3.290527
3.381205
3.474094
3.569209
3.666556
3.766135
3.867937
3.971941
4.078116
4.186418
4.296786
4.409139
4.523379
4.639382
4.756997
4.876043
4.996304
5.117528
5.239416
5.361623
5.483752
5.605346
5.725886
5.844787
5.961391
6.074966
6.184703
6.289717
6.389051
6.481677
6.566508
6.642410
6.708219
6.762760
6.804876
6.833455
6.847460
6.845963
6.828178
6.793485
6.741459
6.671883
6.584761
6.480314
6.358975
6.221370
6.068296
5.900690
5.719599
5.526150
5.321515
5.106882
4.883433
4.652318
4.414643
4.171453
3.923725
3.672361
3.418188
3.161956
2.904340
2.645942
2.387298
2.128879
1.871100
1.614319
1.358848
1.104954
0.852866
0.602776
0.354846
0.109210
-0.134022
-0.374763
-0.612944
-0.848513
-1.081433
-1.311680
-1.539241
-1.764114
-1.986307
-2.205835
-2.422720
-2.636993
-2.848690
-3.057853
-3.264532
-3.468782
-3.670664
-3.870246
-4.067605
-4.262824
-4.455996
-4.647226
-4.836629
-5.024336
-5.210494
-5.395273
-5.578864
-5.761490
-5.943410
-6.124926
-6.306396
-6.488246
-6.670984
-6.855227
-7.041727
-7.231407
-7.425415
-7.625191
-7.832561
-8.049869
-8.280164
-8.527468
-8.797176
-9.096663
-9.436227
-9.830617
-10.301611
-10.882579
-11.627139
-12.627059
-14.054256
-16.280372
-20.357431
-32.722278
-22.695220
-14.572660
-10.085982
-7.179810
-5.273367
-4.044869
-3.275742
-2.845531
-2.726206
-2.947144
-3.527983
-4.412609
-5.464469
-6.524444
-7.469359
-8.234277
-8.805344
-9.200685
-9.451791
-9.591076
-9.645944
-9.637247
-9.579871
-9.484014
-9.356482
-9.201778
-9.022975
-8.822436
-8.602471
-8.366027
-8.117505
-7.863787
-7.615543
-7.388736
-7.206024
-7.097261
-7.097795
-7.243264
-7.561071
-8.061679
-8.734696
-9.552360
-10.478036
-11.474741
-12.510428
-13.559723
-14.603374
-15.626768
-16.618345
-17.568276
-18.467528
-19.307343
-20.079093
-20.774505
-21.386176
-21.908249
-22.337092
-22.671759
-22.914078
-23.068329
-23.140570
-23.137791
-23.067060
-22.934798
-22.746250
-22.505137
-22.213444
-21.871297
-21.476866
-21.026230
-20.513196
-19.928996
-19.261861
-18.496436
-17.613077
-16.587212
-15.389577
-13.990017
-12.374033
-10.600299
-8.956303
-8.118125
-8.607026
-9.966603
-11.478821
-12.807209
-13.866353
-14.654316
-15.187352
-15.479766
-15.537539
-15.355094
-14.911532
-14.164373
-13.039377
-11.420192
-9.193638
-6.815041
-7.130341
-10.719995
-14.468246
-17.645353
-20.353765
-22.733841
-24.886041
-26.879617
-28.764199
-30.577496
-32.350165
-34.109088
-35.879841
-37.688937
-39.566326
-41.548814
-43.685534
-46.047945
-48.750635
-52.001891
-56.258316
-62.940143
-94.482413
-65.105825
-59.832397
-57.205578
-55.704439
-54.883936
-54.579002
