-18.003237
-18.001321
-17.999350
-17.997325
-17.995244
-17.993104
-17.990905
-17.988645
-17.986322
-17.983934
-17.981479
-17.978956
-17.976363
-17.973698
-17.970958
-17.968142
-17.965247
-17.962272
-17.959214
-17.956070
-17.952839
-17.949518
-17.946104
-17.942594
-17.938987
-17.935280
-17.931469
-17.927551
-17.923524
-17.919385
-17.915130
-17.910757
-17.906261
-17.901640
-17.896890
-17.892007
-17.886987
-17.881827
-17.876524
-17.871072
-17.865467
-17.859706
-17.853784
-17.847696
-17.841437
-17.835004
-17.828391
-17.821592
-17.814603
-17.807419
-17.800033
-17.792440
-17.784635
-17.776611
-17.768362
-17.759881
-17.751163
-17.742200
-17.732986
-17.723513
-17.713774
-17.703762
-17.693468
-17.682885
-17.672004
-17.660818
-17.649316
-17.637492
-17.625334
-17.612834
-17.599982
-17.586767
-17.573181
-17.559211
-17.544846
-17.530077
-17.514890
-17.499274
-17.483217
-17.466706
-17.449727
-17.432268
-17.414315
-17.395852
-17.376867
-17.357342
-17.337264
-17.316615
-17.295380
-17.273540
-17.251079
-17.227979
-17.204220
-17.179784
-17.154650
-17.128799
-17.102208
-17.074858
-17.046724
-17.017784
-16.988015
-16.957391
-16.925887
-16.893477
-16.860134
-16.825831
-16.790539
-16.754227
-16.716866
-16.678423
-16.638867
-16.598164
-16.556279
-16.513175
-16.468817
-16.423165
-16.376180
-16.327822
-16.278047
-16.226813
-16.174074
-16.119784
-16.063893
-16.006353
-15.947111
-15.886114
-15.823307
-15.758632
-15.692030
-15.623439
-15.552796
-15.480034
-15.405085
-15.327879
-15.248340
-15.166394
-15.081961
-14.994958
-14.905301
-14.812900
-14.717663
-14.619495
-14.518295
-14.413961
-14.306383
-14.195451
-14.081048
-13.963051
-13.841333
-13.715763
-13.586202
-13.452506
-13.314525
-13.172101
-13.025071
-12.873262
-12.716494
-12.554580
-12.387322
-12.214512
-12.035934
-11.851359
-11.660548
-11.463249
-11.259197
-11.048112
-10.829699
-10.603648
-10.369630
-10.127298
-9.876285
-9.616200
-9.346632
-9.067140
-8.777258
-8.476489
-8.164304
-7.840136
-7.503381
-7.153391
-6.789470
-6.410873
-6.016794
-5.606366
-5.178655
-4.732645
-4.267237
-3.781235
-3.273339
-2.742129
-2.186050
-1.603402
-0.992317
-0.350744
0.323575
1.033124
1.780632
2.569094
3.401770
4.282186
5.214079
6.201294
7.247567
8.356110
9.528861
10.765177
12.059628
13.398523
14.755054
16.084178
17.321311
18.392509
19.241021
19.858499
20.294377
20.633998
20.966751
21.366132
21.883285
22.543390
23.331630
24.153672
24.770562
24.808559
24.038048
22.647450
21.012432
19.391178
17.895060
16.556346
15.375409
14.342088
13.444019
12.669569
12.008679
11.452929
10.995326
10.630012
10.351942
10.156558
10.039440
9.995935
10.020734
10.107414
10.247949
10.432236
10.647749
10.879458
11.110164
11.321333
11.494154
11.610047
11.649101
11.584290
11.369552
10.923288
10.120962
8.828106
6.984367
4.662348
2.022141
-0.778475
-3.629077
-6.465420
-9.254064
-11.979242
-14.634708
-17.219217
-19.734108
-22.182013
-24.566168
-26.890039
-29.157113
-31.370783
-33.534297
-35.650718
-37.722923
-39.753594
-41.745228
-43.700145
-45.620497
-47.508281
-49.365349
-51.193419
-52.994086
-54.768830
-56.519029
-58.245964
-59.950827
-61.634731
-63.298712
-64.943738
-66.570716
-68.180493
-69.773861
-71.351565
-72.914302
-74.462728
-75.997458
-77.519072
-79.028115
-80.525100
-82.010512
-83.484808
-84.948418
-86.401749
-87.845187
-89.279094
-90.703814
-92.119672
-93.526976
-94.926017
-96.317070
-97.700397
-99.076243
-100.444843
-101.806418
-103.161177
-104.509318
-105.851027
-107.186481
-108.515846
-109.839281
-111.156932
-112.468939
-113.775432
-115.076534
-116.372358
-117.663011
-118.948592
-120.229192
-121.504894
-122.775777
-124.041908
-125.303351
-126.560161
-127.812386
-129.060067
-130.303239
-131.541929
-132.776157
-134.005933
-135.231263
-136.452144
-137.668564
-138.880503
-140.087933
-141.290815
-142.489102
-143.682736
-144.871649
-146.055760
-147.234977
-148.409195
-149.578293
-150.742137
-151.900575
-153.053435
-154.200529
-155.341643
-156.476543
-157.604964
-158.726614
-159.841168
-160.948262
-162.047491
-163.138403
-164.220492
-165.293192
-166.355864
-167.407791
-168.448162
-169.476055
-170.490423
-171.490066
-172.473608
-173.439454
-174.385756
-175.310346
-176.210672
-177.083697
-177.925778
-178.732495
-179.498423
-180.216804
-180.879091
-181.474262
-181.987780
-182.399949
-182.683174
-182.797139
-182.679632
-182.227296
-181.249192
-179.328699
-175.231563
-162.353936
-176.689437
-184.467777
-189.597371
-193.663216
-197.157878
-200.299059
-203.202623
-205.937993
-208.550441
-211.071515
-213.524465
-215.927324
-218.294790
-220.639459
-222.972705
-225.305371
-227.648383
-230.013377
-232.413433
-234.864031
-237.384433
-239.999835
-242.744964
-245.670569
-248.856273
-252.439200
-256.689660
-262.274938
-271.908748
-278.175820
-268.101800
-264.715203
-263.029711
-262.136718
-261.701474
-261.563067
-261.631702
-261.852159
-262.188068
-262.614210
-263.112388
-263.669043
-264.273800
-264.918545
-265.596810
-266.303354
-267.033868
-267.784763
-268.553015
-269.336050
-270.131653
-270.937904
-271.753121
-272.575820
-273.404684
-274.238529
-275.076293
-275.917006
-276.759784
-277.603814
-278.448341
-279.292665
-280.136126
-280.978105
-281.818013
-282.655290
-283.489399
-284.319822
-285.146059
-285.967622
-286.784035
-287.594831
-288.399550
-289.197738
-289.988942
-290.772712
-291.548600
-292.316154
-293.074922
-293.824446
-294.564267
-295.293917
-296.012922
-296.720801
-297.417062
-298.101204
-298.772717
-299.431075
-300.075740
-300.706162
-301.321773
-301.921990
-302.506210
-303.073813
-303.624160
-304.156587
-304.670409
-305.164918
-305.639378
-306.093025
-306.525067
-306.934681
-307.321011
-307.683165
-308.020213
-308.331186
-308.615075
-308.870821
-309.097321
-309.293420
-309.457906
-309.589512
-309.686906
-309.748690
-309.773396
