0.030491
0.031879
0.033306
0.034773
0.036281
0.037831
0.039425
0.041063
0.042747
0.044479
0.046259
0.048088
0.049970
0.051904
0.053892
0.055936
0.058038
0.060198
0.062420
0.064703
0.067051
0.069465
0.071947
0.074499
0.077123
0.079820
0.082594
0.085446
0.088378
0.091393
0.094493
0.097681
0.100958
0.104329
0.107794
0.111358
0.115022
0.118791
0.122666
0.126651
0.130749
0.134963
0.139297
0.143754
0.148338
0.153052
0.157901
0.162887
0.168016
0.173291
0.178717
0.184298
0.190038
0.195943
0.202017
0.208265
0.214692
0.221304
0.228106
0.235104
0.242303
0.249709
0.257330
0.265171
0.273238
0.281539
0.290081
0.298870
0.307915
0.317223
0.326802
0.336661
0.346808
0.357251
0.368001
0.379066
0.390456
0.402181
0.414252
0.426679
0.439474
0.452648
0.466213
0.480182
0.494567
0.509381
0.524639
0.540354
0.556541
0.573216
0.590394
0.608092
0.626327
0.645116
0.664478
0.684432
0.704997
0.726195
0.748046
0.770572
0.793798
0.817745
0.842441
0.867910
0.894179
0.921277
0.949233
0.978078
1.007842
1.038561
1.070267
1.102998
1.136790
1.171685
1.207722
1.244945
1.283400
1.323133
1.364194
1.406636
1.450512
1.495880
1.542800
1.591335
1.641552
1.693520
1.747314
1.803010
1.860691
1.920443
1.982358
2.046532
2.113067
2.182072
2.253662
2.327958
2.405091
2.485198
2.568427
2.654934
2.744887
2.838464
2.935858
3.037275
3.142934
3.253075
3.367953
3.487845
3.613049
3.743890
3.880720
4.023921
4.173912
4.331149
4.496133
4.669414
4.851599
5.043358
5.245437
5.458663
5.683964
5.922377
6.175075
6.443384
6.728812
7.033086
7.358196
7.706443
8.080516
8.483576
8.919371
9.392389
9.908059
10.473020
11.095497
11.785814
12.557114
13.426371
14.415773
15.554474
16.880141
18.437243
20.258274
22.271290
23.979868
24.194732
22.572141
20.282146
18.084539
16.146887
14.455378
12.965737
11.637277
10.437923
9.343198
8.334421
7.397181
6.520202
5.694532
4.912963
4.169615
3.459634
2.778967
2.124196
1.492408
0.881106
0.288123
-0.288429
-0.850207
-1.398682
-1.935158
-2.460806
-2.976682
-3.483741
-3.982856
-4.474826
-4.960387
-5.440222
-5.914970
-6.385227
-6.851557
-7.314495
-7.774550
-8.232212
-8.687955
-9.142237
-9.595509
-10.048211
-10.500782
-10.953659
-11.407276
-11.862077
-12.318506
-12.777022
-13.238093
-13.702202
-14.169851
-14.641566
-15.117896
-15.599422
-16.086757
-16.580556
-17.081518
-17.590392
-18.107986
-18.635175
-19.172904
-19.722203
-20.284194
-20.860102
-21.451265
-22.059143
-22.685326
-23.331539
-23.999633
-24.691568
-25.409368
-26.155022
-26.930327
-27.736584
-28.574096
-29.441318
-30.333474
-31.240392
-32.143379
-33.011369
-33.797780
-34.441754
-34.878944
-35.062892
-34.986228
-34.684453
-34.218799
-33.653084
-33.039110
-32.412839
-31.796626
-31.203090
-30.638541
-30.105447
-29.604046
-29.133346
-28.691727
-28.277293
-27.888074
-27.522142
-27.177665
-26.852937
-26.546388
-26.256580
-25.982204
-25.722069
-25.475094
-25.240294
-25.016776
-24.803724
-24.600393
-24.406105
-24.220235
-24.042210
-23.871502
-23.707623
-23.550118
-23.398565
-23.252567
-23.111749
-22.975753
-22.844238
-22.716866
-22.593308
-22.473229
-22.356283
-22.242105
-22.130296
-22.020407
-21.911919
-21.804209
-21.696509
-21.587852
-21.476979
-21.362228
-21.241352
-21.111265
-20.967655
-20.804411
-20.612757
-20.379934
-20.087231
-19.707056
-19.198734
-18.502716
-17.532949
-16.166352
-14.223106
-11.409210
-7.093567
0.929003
5.943988
-3.497237
-7.437840
-9.673522
-11.101345
-12.066565
-12.737864
-13.209226
-13.537469
-13.758857
-13.897423
-13.969498
-13.986336
-13.955697
-13.882844
-13.771174
-13.622614
-13.437866
-13.216548
-12.957228
-12.657397
-12.313347
-11.919953
-11.470323
-10.955261
-10.362421
-9.674987
-8.869492
-7.912073
-6.751576
-5.305709
-3.429731
-0.832092
3.228084
11.911419
12.260902
2.534710
-2.240751
-5.499940
-8.018775
-10.098197
-11.886104
-13.465646
-14.887666
-16.184920
-17.379101
-18.484632
-19.510866
-20.463468
-21.345356
-22.157435
-22.899240
-23.569566
-24.167090
-24.690979
-25.141410
-25.519961
-25.829798
-26.075658
-26.263657
-26.401005
-26.495723
-26.556474
-26.592645
-26.614840
-26.636176
-26.675289
-26.763644
-26.965896
-27.449649
-28.819683
-35.354232
-30.005254
-24.741414
-24.098579
-23.936846
-23.828760
-23.714835
-23.586495
-23.443911
-23.288537
-23.121644
-22.944076
-22.756277
-22.558360
-22.350163
-22.131294
-21.901157
-21.658965
-21.403752
-21.134357
-20.849421
-20.547361
-20.226336
-19.884205
-19.518468
-19.126180
-18.703838
-18.247227
-17.751187
-17.209285
-16.613304
-15.952446
-15.211998
-14.370982
-13.397715
-12.240565
-10.806356
-8.900895
-6.019622
-0.172427
10.132894
-4.423617
-5.454767
-2.268802
4.283877
23.973956
3.279057
-2.202755
-5.438214
-7.725572
-9.487241
-10.913638
-12.106780
-13.127679
-14.015754
-14.797986
-15.493688
-16.117194
-16.679462
-17.189082
-17.652931
-18.076611
-18.464764
-18.821282
-19.149471
-19.452167
-19.731822
-19.990577
-20.230309
-20.452676
-20.659152
-20.851048
-21.029538
-21.195677
-21.350413
-21.494603
-21.629021
-21.754369
-21.871283
-21.980341
-22.082069
-22.176942
-22.265396
-22.347823
-22.424583
-22.496000
-22.562368
-22.623952
-22.680991
-22.733699
-22.782266
-22.826860
-22.867628
-22.904694
-22.938164
-22.968123
-22.994637
-23.017749
-23.037483
-23.053842
-23.066805
-23.076327
-23.082336
-23.084733
