-0.009450
-0.009191
-0.008924
-0.008650
-0.008369
-0.008079
-0.007782
-0.007476
-0.007162
-0.006839
-0.006507
-0.006165
-0.005815
-0.005454
-0.005084
-0.004703
-0.004311
-0.003909
-0.003495
-0.003070
-0.002634
-0.002185
-0.001723
-0.001249
-0.000761
-0.000260
0.000255
0.000785
0.001329
0.001888
0.002463
0.003054
0.003661
0.004285
0.004927
0.005586
0.006264
0.006961
0.007677
0.008413
0.009170
0.009947
0.010747
0.011568
0.012413
0.013281
0.014173
0.015090
0.016032
0.017001
0.017997
0.019021
0.020073
0.021155
0.022266
0.023409
0.024583
0.025791
0.027032
0.028307
0.029618
0.030966
0.032351
0.033775
0.035239
0.036744
0.038290
0.039880
0.041515
0.043194
0.044921
0.046696
0.048521
0.050396
0.052325
0.054306
0.056344
0.058438
0.060591
0.062804
0.065079
0.067418
0.069822
0.072294
0.074834
0.077446
0.080131
0.082892
0.085729
0.088646
0.091645
0.094729
0.097898
0.101157
0.104507
0.107951
0.111492
0.115132
0.118874
0.122722
0.126678
0.130745
0.134927
0.139226
0.143647
0.148192
0.152865
0.157669
0.162610
0.167689
0.172912
0.178283
0.183805
0.189483
0.195322
0.201325
0.207499
0.213848
0.220376
0.227090
0.233994
0.241093
0.248395
0.255904
0.263626
0.271568
0.279736
0.288136
0.296776
0.305663
0.314803
0.324204
0.333874
0.343820
0.354051
0.364576
0.375402
0.386539
0.397995
0.409781
0.421907
0.434381
0.447215
0.460420
0.474006
0.487985
0.502369
0.517170
0.532400
0.548073
0.564201
0.580800
0.597882
0.615464
0.633559
0.652184
0.671355
0.691090
0.711404
0.732317
0.753847
0.776012
0.798834
0.822332
0.846528
0.871444
0.897102
0.923526
0.950741
0.978771
1.007642
1.037383
1.068020
1.099583
1.132102
1.165607
1.200132
1.235709
1.272374
1.310162
1.349110
1.389258
1.430644
1.473312
1.517303
1.562663
1.609439
1.657678
1.707430
1.758748
1.811685
1.866298
1.922645
1.980786
2.040784
2.102704
2.166613
2.232583
2.300685
2.370996
2.443594
2.518560
2.595979
2.675938
2.758528
2.843842
2.931978
3.023035
3.117117
3.214329
3.314782
3.418588
3.525861
3.636718
3.751279
3.869663
3.991993
4.118390
4.248975
4.383864
4.523173
4.667011
4.815478
4.968665
5.126646
5.289481
5.457204
5.629821
5.807301
5.989572
6.176505
6.367907
6.563509
6.762947
6.965749
7.171315
7.378897
7.587580
7.796260
8.003629
8.208155
8.408083
8.601432
8.786018
8.959490
9.119391
9.263242
9.388657
9.493470
9.575876
9.634578
9.668907
9.678915
9.665429
9.630045
9.575085
9.503501
9.418766
9.324745
9.225575
9.125566
9.029117
8.940670
8.864690
8.805670
8.768168
8.756858
8.776614
8.832602
8.930409
9.076182
9.276809
9.540107
9.875035
10.291859
10.802164
11.418351
12.151794
13.007468
13.969957
14.970650
15.828292
16.213388
15.815235
14.670863
13.119182
11.467195
9.871457
8.387630
7.025905
5.779591
4.637022
3.586059
2.615614
1.716028
0.879036
0.097605
-0.634259
-1.321680
-1.969058
-2.580192
-3.158377
-3.706480
-4.227010
-4.722166
-5.193880
-5.643853
-6.073582
-6.484389
-6.877435
-7.253740
-7.614198
-7.959586
-8.290576
-8.607745
-8.911577
-9.202474
-9.480754
-9.746661
-10.000362
-10.241951
-10.471445
-10.688789
-10.893845
-11.086397
-11.266140
-11.432671
-11.585486
-11.723962
-11.847348
-11.954738
-12.045056
-12.117024
-12.169124
-12.199560
-12.206197
-12.186501
-12.137454
-12.055463
-11.936250
-11.774750
-11.565024
-11.300291
-10.973219
-10.576901
-10.107418
-9.569984
-8.992631
-8.452841
-8.113524
-8.220245
-8.966532
-10.303445
-11.975446
-13.719124
-15.355875
-16.777333
-17.916845
-18.738105
-19.234321
-19.425184
-19.346334
-19.035268
-18.519894
-17.812037
-16.904490
-15.769686
-14.361348
-12.634581
-10.662404
-9.094274
-9.452976
-11.730819
-14.371740
-16.685640
-18.561404
-20.009720
-21.052961
-21.713484
-22.017226
-21.993167
-21.666454
-21.047979
-20.122185
-18.830327
-17.039270
-14.471742
-10.578371
-5.776011
-8.784825
-13.641987
-16.691204
-18.466061
-19.328846
-19.508037
-19.163325
-18.396250
-17.250913
-15.714106
-13.713241
-11.134321
-8.091257
-6.471556
-8.708763
-12.003478
-14.801962
-17.076636
-18.968228
-20.585168
-22.000246
-23.262553
-24.406159
-25.455467
-26.428468
-27.338771
-28.196908
-29.011192
-29.788303
-30.533696
-31.251892
-31.946688
-32.621317
-33.278560
-33.920842
-34.550302
-35.168845
-35.778191
-36.379906
-36.975439
-37.566142
-38.153293
-38.738116
-39.321798
-39.905504
-40.490394
-41.077634
-41.668416
-42.263970
-42.865586
-43.474625
-44.092548
-44.720937
-45.361528
-46.016243
-46.687234
-47.376944
-48.088168
-48.824149
-49.588691
-50.386317
-51.222481
-52.103858
-53.038765
-54.037763
-55.114578
-56.287528
-57.581871
-59.033856
-60.698259
-62.663708
-65.088118
-68.297508
-73.165105
-84.264250
-80.823309
-72.500905
-68.460984
-65.806853
-63.847542
-62.306711
-61.045632
-59.984717
-59.074058
-58.280300
-57.580046
-56.956262
-56.396159
-55.889900
-55.429757
-55.009550
-54.624268
-54.269787
-53.942683
-53.640079
-53.359539
-53.098985
-52.856632
-52.630940
-52.420569
-52.224353
-52.041273
-51.870433
-51.711049
-51.562429
-51.423965
-51.295125
-51.175439
-51.064501
-50.961958
-50.867507
-50.780892
-50.701901
-50.630365
-50.566156
-50.509185
-50.459406
-50.416812
-50.381439
-50.353366
-50.332721
-50.319681
-50.314479
