-11.989656
-11.987696
-11.985681
-11.983612
-11.981486
-11.979301
-11.977057
-11.974752
-11.972383
-11.969950
-11.967450
-11.964882
-11.962244
-11.959534
-11.956750
-11.953890
-11.950952
-11.947935
-11.944835
-11.941651
-11.938380
-11.935021
-11.931570
-11.928026
-11.924386
-11.920647
-11.916807
-11.912863
-11.908813
-11.904653
-11.900381
-11.895994
-11.891488
-11.886861
-11.882110
-11.877231
-11.872221
-11.867077
-11.861795
-11.856371
-11.850803
-11.845085
-11.839215
-11.833189
-11.827002
-11.820650
-11.814129
-11.807436
-11.800565
-11.793512
-11.786273
-11.778843
-11.771216
-11.763389
-11.755356
-11.747112
-11.738652
-11.729970
-11.721062
-11.711921
-11.702542
-11.692919
-11.683046
-11.672917
-11.662526
-11.651867
-11.640933
-11.629718
-11.618214
-11.606416
-11.594317
-11.581908
-11.569184
-11.556136
-11.542758
-11.529041
-11.514979
-11.500562
-11.485784
-11.470635
-11.455108
-11.439195
-11.422886
-11.406173
-11.389047
-11.371499
-11.353520
-11.335101
-11.316232
-11.296904
-11.277107
-11.256831
-11.236066
-11.214803
-11.193030
-11.170738
-11.147916
-11.124554
-11.100640
-11.076164
-11.051114
-11.025480
-10.999249
-10.972412
-10.944955
-10.916868
-10.888139
-10.858755
-10.828705
-10.797976
-10.766555
-10.734432
-10.701592
-10.668024
-10.633714
-10.598650
-10.562818
-10.526205
-10.488798
-10.450584
-10.411548
-10.371678
-10.330958
-10.289376
-10.246917
-10.203567
-10.159311
-10.114135
-10.068023
-10.020961
-9.972933
-9.923925
-9.873920
-9.822902
-9.770856
-9.717765
-9.663611
-9.608379
-9.552051
-9.494608
-9.436033
-9.376307
-9.315411
-9.253325
-9.190030
-9.125504
-9.059726
-8.992675
-8.924326
-8.854658
-8.783645
-8.711261
-8.637481
-8.562277
-8.485620
-8.407480
-8.327827
-8.246626
-8.163843
-8.079442
-7.993386
-7.905633
-7.816141
-7.724866
-7.631760
-7.536773
-7.439852
-7.340940
-7.239977
-7.136899
-7.031639
-6.924123
-6.814274
-6.702010
-6.587242
-6.469875
-6.349807
-6.226929
-6.101124
-5.972266
-5.840219
-5.704836
-5.565959
-5.423416
-5.277024
-5.126581
-4.971868
-4.812650
-4.648667
-4.479639
-4.305258
-4.125186
-3.939055
-3.746457
-3.546946
-3.340026
-3.125149
-2.901708
-2.669024
-2.426341
-2.172808
-1.907469
-1.629245
-1.336909
-1.029061
-0.704096
-0.360164
0.004883
0.393559
0.808821
1.254189
1.733882
2.253027
2.817919
3.436410
4.118447
4.876885
5.728700
6.696919
7.813757
9.125959
10.704244
12.660009
15.169354
18.433405
21.720486
20.768855
16.952754
13.658453
11.073079
8.982245
7.231476
5.724015
4.397905
3.211810
2.137072
1.153163
0.244992
-0.598773
-1.386771
-2.125659
-2.820608
-3.475634
-4.093856
-4.677674
-5.228915
-5.748940
-6.238742
-6.699018
-7.130246
-7.532737
-7.906701
-8.252294
-8.569669
-8.859014
-9.120591
-9.354764
-9.562019
-9.742974
-9.898385
-10.029138
-10.136238
-10.220790
-10.283980
-10.327045
-10.351255
-10.357884
-10.348190
-10.323396
-10.284672
-10.233125
-10.169790
-10.095619
-10.011484
-9.918169
-9.816374
-9.706716
-9.589732
-9.465880
-9.335543
-9.199033
-9.056594
-8.908405
-8.754579
-8.595167
-8.430159
-8.259479
-8.082982
-7.900453
-7.711595
-7.516018
-7.313224
-7.102586
-6.883314
-6.654417
-6.414647
-6.162427
-5.895754
-5.612064
-5.308072
-4.979545
-4.621034
-4.225532
-3.784085
-3.285369
-2.715265
-2.056522
-1.288528
-0.387197
0.675236
1.930998
3.418886
5.188136
7.301426
9.816341
12.626990
14.765497
14.323250
12.055221
9.696432
7.682170
5.991250
4.547557
3.288644
2.169974
1.160445
0.238184
-0.612389
-1.402493
-2.140221
-2.831319
-3.479649
-4.087411
-4.655154
-5.181571
-5.663011
-6.092571
-6.458513
-6.741530
-6.909977
-6.911382
-6.656975
-5.992180
-4.634026
-1.998960
3.582989
15.008886
1.592682
-3.674092
-6.642557
-8.598524
-10.008507
-11.093855
-11.973709
-12.717126
-13.366285
-13.948044
-14.480123
-14.974583
-15.439862
-15.882011
-16.305472
-16.713570
-17.108844
-17.493263
-17.868384
-18.235453
-18.595481
-18.949300
-19.297603
-19.640973
-19.979907
-20.314831
-20.646114
-20.974079
-21.299012
-21.621165
-21.940764
-22.258012
-22.573094
-22.886179
-23.197419
-23.506956
-23.814921
-24.121435
-24.426612
-24.730559
-25.033374
-25.335152
-25.635983
-25.935950
-26.235135
-26.533614
-26.831462
-27.128748
-27.425542
-27.721907
-28.017909
-28.313608
-28.609064
-28.904334
-29.199475
-29.494542
-29.789586
-30.084661
-30.379817
-30.675103
-30.970566
-31.266255
-31.562213
-31.858485
-32.155114
-32.452139
-32.749602
-33.047538
-33.345983
-33.644970
-33.944528
-34.244685
-34.545462
-34.846880
-35.148951
-35.451683
-35.755078
-36.059126
-36.363812
-36.669106
-36.974966
-37.281332
-37.588127
-37.895248
-38.202564
-38.509910
-38.817080
-39.123816
-39.429799
-39.734633
-40.037828
-40.338775
-40.636720
-40.930721
-41.219602
-41.501883
-41.775693
-42.038648
-42.287685
-42.518831
-42.726869
-42.904862
-43.043436
-43.129684
-43.145427
-43.064343
-42.846939
-42.431119
-41.712673
-40.498889
-38.371809
-34.095909
-17.105043
-34.173982
-41.909240
-46.616249
-50.071539
-52.795726
-55.034069
-56.943213
-58.642305
-60.229148
-61.788008
-63.397295
-65.140151
-67.121631
-69.502945
-72.589105
-77.142112
-86.579405
-87.543299
-77.865442
-73.514616
-70.707657
-68.649791
-67.036273
-65.717576
-64.609169
-63.658589
-62.831035
-62.102243
-61.454627
-60.875038
-60.353397
-59.881816
-59.454014
-59.064921
-58.710391
-58.387008
-58.091929
-57.822782
-57.577577
-57.354643
-57.152583
-56.970232
-56.806630
-56.660999
-56.532729
-56.421362
-56.326589
-56.248240
-56.186290
-56.140860
-56.112221
-56.100807
