-1.526930
-1.562413
-1.598582
-1.635444
-1.673008
-1.711280
-1.750267
-1.789976
-1.830413
-1.871585
-1.913499
-1.956159
-1.999573
-2.043745
-2.088681
-2.134387
-2.180866
-2.228124
-2.276165
-2.324994
-2.374613
-2.425027
-2.476240
-2.528253
-2.581070
-2.634694
-2.689125
-2.744368
-2.800422
-2.857290
-2.914972
-2.973468
-3.032780
-3.092908
-3.153850
-3.215607
-3.278178
-3.341561
-3.405756
-3.470760
-3.536571
-3.603186
-3.670605
-3.738822
-3.807836
-3.877642
-3.948237
-4.019617
-4.091778
-4.164714
-4.238422
-4.312895
-4.388130
-4.464120
-4.540859
-4.618342
-4.696563
-4.775515
-4.855191
-4.935585
-5.016690
-5.098499
-5.181004
-5.264199
-5.348076
-5.432627
-5.517844
-5.603719
-5.690245
-5.777414
-5.865217
-5.953645
-6.042691
-6.132347
-6.222603
-6.313452
-6.404884
-6.496892
-6.589466
-6.682598
-6.776279
-6.870501
-6.965255
-7.060533
-7.156325
-7.252623
-7.349419
-7.446704
-7.544470
-7.642708
-7.741409
-7.840566
-7.940169
-8.040211
-8.140684
-8.241579
-8.342888
-8.444603
-8.546717
-8.649221
-8.752108
-8.855370
-8.958999
-9.062988
-9.167330
-9.272017
-9.377041
-9.482397
-9.588076
-9.694071
-9.800377
-9.906986
-10.013891
-10.121086
-10.228565
-10.336320
-10.444347
-10.552638
-10.661187
-10.769989
-10.879038
-10.988328
-11.097853
-11.207607
-11.317586
-11.427784
-11.538195
-11.648814
-11.759637
-11.870658
-11.981872
-12.093275
-12.204862
-12.316627
-12.428568
-12.540678
-12.652954
-12.765391
-12.877986
-12.990734
-13.103630
-13.216672
-13.329855
-13.443175
-13.556628
-13.670212
-13.783922
-13.897754
-14.011705
-14.125773
-14.239953
-14.354242
-14.468637
-14.583135
-14.697732
-14.812427
-14.927215
-15.042094
-15.157061
-15.272113
-15.387248
-15.502462
-15.617753
-15.733119
-15.848556
-15.964063
-16.079636
-16.195274
-16.310974
-16.426734
-16.542551
-16.658422
-16.774347
-16.890322
-17.006345
-17.122414
-17.238528
-17.354683
-17.470878
-17.587111
-17.703379
-17.819681
-17.936015
-18.052379
-18.168771
-18.285188
-18.401629
-18.518092
-18.634576
-18.751077
-18.867595
-18.984128
-19.100673
-19.217229
-19.333794
-19.450366
-19.566944
-19.683525
-19.800107
-19.916690
-20.033270
-20.149847
-20.266418
-20.382981
-20.499535
-20.616077
-20.732607
-20.849121
-20.965618
-21.082097
-21.198554
-21.314989
-21.431399
-21.547783
-21.664137
-21.780461
-21.896752
-22.013007
-22.129226
-22.245405
-22.361543
-22.477637
-22.593686
-22.709686
-22.825635
-22.941531
-23.057372
-23.173155
-23.288878
-23.404538
-23.520132
-23.635658
-23.751112
-23.866493
-23.981798
-24.097022
-24.212164
-24.327221
-24.442189
-24.557064
-24.671845
-24.786527
-24.901107
-25.015581
-25.129946
-25.244198
-25.358334
-25.472349
-25.586239
-25.700000
-25.813629
-25.927120
-26.040469
-26.153671
-26.266723
-26.379619
-26.492353
-26.604922
-26.717319
-26.829539
-26.941576
-27.053426
-27.165081
-27.276536
-27.387785
-27.498820
-27.609636
-27.720225
-27.830580
-27.940694
-28.050560
-28.160169
-28.269514
-28.378586
-28.487377
-28.595878
-28.704079
-28.811972
-28.919547
-29.026794
-29.133701
-29.240260
-29.346458
-29.452284
-29.557727
-29.662773
-29.767411
-29.871628
-29.975409
-30.078741
-30.181609
-30.283999
-30.385894
-30.487279
-30.588137
-30.688451
-30.788202
-30.887372
-30.985942
-31.083893
-31.181202
-31.277848
-31.373810
-31.469063
-31.563584
-31.657348
-31.750328
-31.842497
-31.933828
-32.024290
-32.113852
-32.202484
-32.290152
-32.376821
-32.462455
-32.547016
-32.630466
-32.712762
-32.793862
-32.873722
-32.952294
-33.029529
-33.105377
-33.179782
-33.252690
-33.324041
-33.393772
-33.461820
-33.528116
-33.592588
-33.655161
-33.715756
-33.774289
-33.830672
-33.884813
-33.936614
-33.985971
-34.032777
-34.076915
-34.118263
-34.156693
-34.192067
-34.224240
-34.253059
-34.278358
-34.299965
-34.317693
-34.331345
-34.340711
-34.345564
-34.345665
-34.340757
-34.330564
-34.314792
-34.293126
-34.265225
-34.230725
-34.189237
-34.140340
-34.083582
-34.018478
-33.944508
-33.861113
-33.767694
-33.663613
-33.548189
-33.420703
-33.280400
-33.126498
-32.958200
-32.774716
-32.575296
-32.359284
-32.126192
-31.875820
-31.608424
-31.324959
-31.027439
-30.719417
-30.406640
-30.097862
-29.805743
-29.547616
-29.345669
-29.225849
-29.214843
-29.335130
-29.599428
-30.007018
-30.543963
-31.187102
-31.909639
-32.685934
-33.494299
-34.317929
-35.144627
-35.966011
-36.776616
-37.573093
-38.353575
-39.117210
-39.863816
-40.593644
-41.307220
-42.005226
-42.688431
-43.357637
-44.013653
-44.657267
-45.289238
-45.910288
-46.521096
-47.122299
-47.714491
-48.298222
-48.874005
-49.442311
-50.003573
-50.558193
-51.106535
-51.648932
-52.185688
-52.717074
-53.243336
-53.764689
-54.281321
-54.793391
-55.301034
-55.804351
-56.303416
-56.798274
-57.288933
-57.775370
-58.257520
-58.735278
-59.208494
-59.676964
-60.140426
-60.598551
-61.050933
-61.497078
-61.936386
-62.368138
-62.791466
-63.205332
-63.608489
-63.999434
-64.376358
-64.737068
-65.078893
-65.398563
-65.692043
-65.954311
-66.179063
-66.358298
-66.481755
-66.536119
-66.503954
-66.362324
-66.081407
-65.624653
-64.957326
-64.090789
-63.253631
-63.255845
-65.059383
-68.163339
-71.532928
-74.752621
-77.754270
-80.554255
-83.171493
-85.604767
-87.824221
-89.768911
-91.355738
-92.506203
-93.180744
-93.390496
-93.170927
-92.537525
-91.444874
-89.737311
-87.026714
-82.266121
-75.635586
-83.583989
-89.424289
-93.260332
-96.121413
-98.401804
-100.271472
-101.768573
-102.723080
-102.199412
-94.437254
-100.211242
-107.890319
-112.231299
-116.293288
-120.734257
-125.772857
-131.611494
-138.686455
-148.353927
-182.766457
-155.378549
-150.517149
-147.263084
-144.973545
-143.591672
-143.057098
