0.006261
0.006722
0.007196
0.007683
0.008184
0.008699
0.009229
0.009773
0.010332
0.010907
0.011497
0.012105
0.012729
0.013370
0.014030
0.014707
0.015404
0.016120
0.016856
0.017612
0.018390
0.019189
0.020011
0.020855
0.021723
0.022616
0.023533
0.024475
0.025444
0.026441
0.027464
0.028517
0.029598
0.030710
0.031853
0.033028
0.034236
0.035477
0.036754
0.038065
0.039414
0.040800
0.042225
0.043689
0.045195
0.046743
0.048334
0.049969
0.051650
0.053378
0.055155
0.056981
0.058859
0.060789
0.062773
0.064813
0.066910
0.069065
0.071281
0.073559
0.075901
0.078309
0.080784
0.083329
0.085946
0.088635
0.091401
0.094244
0.097166
0.100172
0.103261
0.106438
0.109704
0.113062
0.116514
0.120064
0.123714
0.127467
0.131326
0.135293
0.139373
0.143568
0.147882
0.152317
0.156878
0.161568
0.166391
0.171351
0.176451
0.181696
0.187089
0.192636
0.198341
0.204207
0.210241
0.216446
0.222829
0.229393
0.236144
0.243089
0.250231
0.257578
0.265135
0.272909
0.280906
0.289132
0.297594
0.306300
0.315256
0.324470
0.333949
0.343703
0.353738
0.364063
0.374687
0.385620
0.396870
0.408446
0.420360
0.432621
0.445239
0.458226
0.471594
0.485353
0.499515
0.514094
0.529103
0.544554
0.560461
0.576839
0.593703
0.611067
0.628949
0.647363
0.666328
0.685861
0.705979
0.726703
0.748051
0.770045
0.792704
0.816052
0.840110
0.864903
0.890455
0.916791
0.943937
0.971922
1.000773
1.030521
1.061197
1.092832
1.125460
1.159116
1.193836
1.229659
1.266623
1.304771
1.344144
1.384788
1.426751
1.470080
1.514828
1.561049
1.608798
1.658134
1.709120
1.761820
1.816302
1.872638
1.930903
1.991177
2.053542
2.118086
2.184902
2.254087
2.325745
2.399984
2.476920
2.556675
2.639379
2.725170
2.814193
2.906604
3.002570
3.102266
3.205883
3.313621
3.425698
3.542346
3.663814
3.790371
3.922308
4.059938
4.203599
4.353661
4.510523
4.674621
4.846434
5.026483
5.215343
5.413647
5.622096
5.841467
6.072625
6.316539
6.574295
6.847122
7.136410
7.443747
7.770954
8.120132
8.493729
8.894610
9.326167
9.792451
10.298355
10.849862
11.454392
12.121303
12.862614
13.694108
14.637050
15.720992
16.988516
18.503701
20.367673
22.745906
25.885972
29.679896
30.427904
26.630845
23.023240
20.240617
18.034771
16.216252
14.669232
13.321266
12.124848
11.047396
10.065696
9.162664
8.325388
7.543882
6.810272
6.118246
5.462667
4.839304
4.244634
3.675692
3.129963
2.605296
2.099841
1.611993
1.140358
0.683715
0.240992
-0.188757
-0.606365
-1.012574
-1.408039
-1.793343
-2.169006
-2.535489
-2.893200
-3.242502
-3.583716
-3.917123
-4.242971
-4.561472
-4.872809
-5.177136
-5.474582
-5.765248
-6.049210
-6.326523
-6.597216
-6.861299
-7.118756
-7.369554
-7.613635
-7.850922
-8.081315
-8.304695
-8.520918
-8.729823
-8.931225
-9.124915
-9.310666
-9.488226
-9.657319
-9.817650
-9.968897
-10.110716
-10.242738
-10.364571
-10.475799
-10.575979
-10.664644
-10.741300
-10.805430
-10.856485
-10.893890
-10.917040
-10.925297
-10.917989
-10.894405
-10.853791
-10.795348
-10.718219
-10.621483
-10.504146
-10.365125
-10.203229
-10.017142
-9.805395
-9.566331
-9.298068
-8.998443
-8.664949
-8.294645
-7.884054
-7.429006
-6.924447
-6.364167
-5.740415
-5.043353
-4.260233
-3.374131
-2.361915
-1.190776
0.188039
1.851599
3.932589
6.690103
10.745819
18.325130
22.755068
12.635570
7.967426
4.988977
2.826909
1.151311
-0.197208
-1.307415
-2.233518
-3.010805
-3.663331
-4.208058
-4.657248
-5.019924
-5.302798
-5.510880
-5.647890
-5.716529
-5.718656
-5.655402
-5.527221
-5.333900
-5.074525
-4.747398
-4.349910
-3.878345
-3.327606
-2.690808
-1.958690
-1.118724
-0.153722
0.960439
2.258746
3.794311
5.653083
7.987522
11.109040
15.830741
25.910329
24.222903
15.811602
11.801978
9.238573
7.409431
6.030821
4.960550
4.116972
3.448690
2.921099
2.509648
2.196164
1.966704
1.810233
1.717764
1.681781
1.695832
1.754231
1.851827
1.983820
2.145603
2.332630
2.540291
2.763808
2.998149
3.237961
3.477549
3.710899
3.931767
4.133848
4.311016
4.457624
4.568833
4.640909
4.671436
4.659381
4.604989
4.509503
4.374737
4.202538
3.994182
3.749691
3.467074
3.141397
2.763605
2.318920
1.784666
1.127309
0.298527
-0.770077
-2.174952
-4.056559
-6.642801
-10.397893
-16.744404
-39.590692
-18.169607
-12.794760
-9.980272
-8.209051
-6.998020
-6.128941
-5.484620
-4.995347
-4.616802
-4.319456
-4.082952
-3.892891
-3.738896
-3.613389
-3.510801
-3.427042
-3.359144
-3.305009
-3.263242
-3.233028
-3.214043
-3.206400
-3.210602
-3.227505
-3.258294
-3.304452
-3.367725
-3.450084
-3.553667
-3.680722
-3.833522
-4.014278
-4.225043
-4.467614
-4.743445
-5.053574
-5.398576
-5.778554
-6.193149
-6.641596
-7.122795
-7.635402
-8.177929
-8.748843
-9.346655
-9.970004
-10.617714
-11.288858
-11.982790
-12.699177
-13.438030
-14.199720
-14.985007
-15.795064
-16.631516
-17.496489
-18.392673
-19.323419
-20.292857
-21.306074
-22.369350
-23.490498
-24.679351
-25.948480
-27.314295
-28.798778
-30.432375
-32.259096
-34.346249
-36.805042
-39.841015
-43.908545
-50.426082
-81.827262
-52.331720
-46.960716
-44.257225
-42.700127
-41.844462
-41.525541
