0.075998
0.078573
0.081220
0.083942
0.086740
0.089617
0.092575
0.095616
0.098742
0.101957
0.105262
0.108660
0.112154
0.115746
0.119439
0.123237
0.127142
0.131157
0.135285
0.139530
0.143895
0.148383
0.152999
0.157745
0.162625
0.167644
0.172805
0.178112
0.183570
0.189183
0.194956
0.200893
0.206998
0.213278
0.219736
0.226379
0.233211
0.240238
0.247466
0.254901
0.262548
0.270415
0.278507
0.286831
0.295394
0.304204
0.313267
0.322591
0.332184
0.342054
0.352209
0.362658
0.373409
0.384473
0.395857
0.407572
0.419628
0.432036
0.444805
0.457948
0.471475
0.485399
0.499731
0.514485
0.529673
0.545310
0.561408
0.577982
0.595048
0.612621
0.630717
0.649353
0.668545
0.688313
0.708673
0.729646
0.751251
0.773509
0.796441
0.820070
0.844418
0.869510
0.895369
0.922023
0.949497
0.977819
1.007019
1.037127
1.068173
1.100191
1.133214
1.167278
1.202420
1.238677
1.276090
1.314701
1.354553
1.395692
1.438166
1.482024
1.527318
1.574103
1.622436
1.672376
1.723987
1.777334
1.832486
1.889515
1.948498
2.009515
2.072651
2.137994
2.205638
2.275682
2.348230
2.423394
2.501291
2.582043
2.665783
2.752650
2.842793
2.936369
3.033547
3.134505
3.239436
3.348545
3.462050
3.580188
3.703211
3.831393
3.965026
4.104429
4.249946
4.401948
4.560842
4.727069
4.901112
5.083500
5.274812
5.475688
5.686835
5.909035
6.143159
6.390181
6.651191
6.927416
7.220246
7.531259
7.862261
8.215324
8.592850
8.997630
9.432943
9.902660
10.411396
10.964697
11.569291
12.233408
12.967197
13.783242
14.697122
15.727812
16.897137
18.225778
19.717927
21.311946
22.754671
23.468163
22.936595
21.444883
19.638528
17.877689
16.270941
14.828322
13.532088
12.360052
11.292119
10.311579
9.404896
8.561160
7.771549
7.028876
6.327235
5.661733
5.028278
4.423420
3.844229
3.288197
2.753164
2.237257
1.738844
1.256495
0.788950
0.335096
-0.106056
-0.535388
-0.953688
-1.361664
-1.759952
-2.149126
-2.529704
-2.902158
-3.266914
-3.624360
-3.974849
-4.318702
-4.656213
-4.987649
-5.313254
-5.633252
-5.947844
-6.257216
-6.561535
-6.860955
-7.155612
-7.445632
-7.731126
-8.012194
-8.288923
-8.561391
-8.829664
-9.093800
-9.353844
-9.609834
-9.861799
-10.109757
-10.353718
-10.593683
-10.829644
-11.061583
-11.289474
-11.513280
-11.732957
-11.948449
-12.159689
-12.366601
-12.569097
-12.767078
-12.960432
-13.149034
-13.332743
-13.511406
-13.684852
-13.852892
-14.015321
-14.171910
-14.322408
-14.466543
-14.604011
-14.734482
-14.857591
-14.972937
-15.080078
-15.178526
-15.267741
-15.347127
-15.416018
-15.473675
-15.519273
-15.551885
-15.570471
-15.573856
-15.560704
-15.529496
-15.478489
-15.405671
-15.308710
-15.184873
-15.030940
-14.843073
-14.616652
-14.346049
-14.024308
-13.642691
-13.190020
-12.651663
-12.007954
-11.231585
-10.283062
-9.102213
-7.590856
-5.572885
-2.686545
1.960592
8.999399
2.756652
-3.197097
-7.053199
-9.912231
-12.206403
-14.138285
-15.817753
-17.310716
-18.659647
-19.893403
-21.032388
-22.091472
-23.081745
-24.011613
-24.887514
-25.714403
-26.496078
-27.235416
-27.934530
-28.594886
-29.217375
-29.802366
-30.349723
-30.858810
-31.328464
-31.756948
-32.141873
-32.480079
-32.767461
-32.998725
-33.167026
-33.263444
-33.276187
-33.189364
-32.980981
-32.619565
-32.058022
-31.221586
-29.981363
-28.086406
-24.941506
-18.510444
-14.550368
-25.384246
-30.989789
-34.906202
-38.016415
-40.655272
-42.984564
-45.094061
-47.037842
-48.849863
-50.551379
-52.154716
-53.665212
-55.082237
-56.399796
-57.607130
-58.689645
-59.630411
-60.412206
-61.019618
-61.440340
-61.664666
-61.682481
-61.477429
-61.017453
-60.238654
-59.012171
-57.057957
-53.637833
-45.603267
-46.664452
-56.772185
-62.296633
-66.392793
-69.813789
-72.856877
-75.669494
-78.334440
-80.901184
-83.399384
-85.845184
-88.243833
-90.589358
-92.860389
-95.010796
-96.957682
-98.583207
-99.781506
-100.546902
-101.016159
-101.413836
-101.986310
-103.011717
-104.931761
-108.897262
-123.342565
-109.828134
-101.612452
-96.618723
-92.836000
-89.699513
-86.966416
-84.507850
-82.245651
-80.127517
-78.115524
-76.180098
-74.296492
-72.442440
-70.596347
-68.735581
-66.834518
-64.861827
-62.776186
-60.518662
-57.997590
-55.054460
-51.372341
-46.158337
-36.850247
-39.303676
-45.892641
-49.363437
-51.598495
-53.193239
-54.401022
-55.352048
-56.121731
-56.757475
-57.290899
-57.744049
-58.132834
-58.469046
-58.761607
-59.017370
-59.241662
-59.438637
-59.611542
-59.762887
-59.894577
-60.007997
-60.104078
-60.183337
-60.245897
-60.291505
-60.319526
-60.328943
-60.318336
-60.285873
-60.229287
-60.145864
-60.032433
-59.885366
-59.700596
-59.473643
-59.199661
-58.873498
-58.489751
-58.042811
-57.526858
-56.935794
-56.263056
-55.501261
-54.641628
-53.673067
-52.580761
-51.343914
-49.931991
-48.297979
-46.365101
-43.997198
-40.919964
-36.443108
-27.667632
-23.948296
-34.485190
-38.883623
-41.629006
-43.589774
-45.091354
-46.291777
-47.279911
-48.110759
-48.820742
-49.435226
-49.972577
-50.446513
-50.867540
-51.243870
-51.582041
-51.887331
-52.164058
-52.415793
-52.645518
-52.855745
-53.048605
-53.225920
-53.389255
-53.539962
-53.679214
-53.808036
-53.927322
-54.037857
-54.140334
-54.235361
-54.323476
-54.405155
-54.480819
-54.550838
-54.615540
-54.675213
-54.730108
-54.780445
-54.826412
-54.868168
-54.905847
-54.939554
-54.969371
-54.995355
-55.017537
-55.035921
-55.050488
-55.061186
-55.067938
-55.070630
