-0.015651
-0.015565
-0.015478
-0.015387
-0.015295
-0.015199
-0.015101
-0.015001
-0.014897
-0.014791
-0.014681
-0.014569
-0.014454
-0.014335
-0.014213
-0.014088
-0.013959
-0.013826
-0.013690
-0.013550
-0.013406
-0.013258
-0.013107
-0.012950
-0.012790
-0.012625
-0.012455
-0.012281
-0.012102
-0.011918
-0.011729
-0.011534
-0.011334
-0.011129
-0.010918
-0.010701
-0.010478
-0.010248
-0.010013
-0.009771
-0.009522
-0.009266
-0.009003
-0.008732
-0.008455
-0.008169
-0.007876
-0.007574
-0.007264
-0.006945
-0.006618
-0.006281
-0.005935
-0.005579
-0.005214
-0.004838
-0.004452
-0.004055
-0.003647
-0.003227
-0.002796
-0.002353
-0.001898
-0.001430
-0.000949
-0.000454
0.000054
0.000576
0.001113
0.001665
0.002233
0.002816
0.003415
0.004031
0.004664
0.005315
0.005984
0.006672
0.007379
0.008105
0.008852
0.009619
0.010408
0.011219
0.012053
0.012910
0.013790
0.014696
0.015626
0.016583
0.017566
0.018577
0.019615
0.020683
0.021781
0.022909
0.024069
0.025261
0.026487
0.027746
0.029041
0.030373
0.031741
0.033147
0.034593
0.036080
0.037608
0.039178
0.040793
0.042452
0.044159
0.045913
0.047716
0.049569
0.051475
0.053434
0.055447
0.057517
0.059646
0.061833
0.064083
0.066395
0.068772
0.071216
0.073729
0.076312
0.078968
0.081698
0.084505
0.087391
0.090358
0.093409
0.096546
0.099770
0.103086
0.106495
0.110000
0.113604
0.117310
0.121120
0.125038
0.129067
0.133209
0.137468
0.141848
0.146352
0.150983
0.155745
0.160643
0.165679
0.170858
0.176184
0.181661
0.187294
0.193087
0.199044
0.205172
0.211473
0.217955
0.224621
0.231477
0.238529
0.245783
0.253244
0.260918
0.268813
0.276933
0.285287
0.293880
0.302720
0.311814
0.321170
0.330795
0.340698
0.350886
0.361369
0.372155
0.383252
0.394671
0.406421
0.418512
0.430955
0.443758
0.456935
0.470495
0.484451
0.498815
0.513598
0.528814
0.544476
0.560597
0.577192
0.594274
0.611859
0.629963
0.648600
0.667788
0.687543
0.707883
0.728825
0.750389
0.772594
0.795459
0.819004
0.843251
0.868221
0.893937
0.920421
0.947697
0.975789
1.004723
1.034523
1.065217
1.096832
1.129395
1.162935
1.197481
1.233063
1.269711
1.307457
1.346332
1.386368
1.427599
1.470056
1.513773
1.558784
1.605122
1.652819
1.701909
1.752424
1.804394
1.857849
1.912819
1.969327
2.027398
2.087051
2.148301
2.211159
2.275630
2.341710
2.409387
2.478639
2.549432
2.621716
2.695425
2.770473
2.846751
2.924121
3.002415
3.081427
3.160908
3.240561
3.320032
3.398901
3.476676
3.552781
3.626544
3.697190
3.763829
3.825442
3.880873
3.928823
3.967842
3.996329
4.012537
4.014585
4.000480
3.968151
3.915491
3.840421
3.740955
3.615284
3.461866
3.279515
3.067490
2.825569
2.554101
2.254033
1.926897
1.574760
1.200128
0.805820
0.394809
-0.029942
-0.465639
-0.909786
-1.360285
-1.815480
-2.274161
-2.735535
-3.199166
-3.664909
-4.132837
-4.603179
-5.076267
-5.552498
-6.032305
-6.516138
-7.004455
-7.497723
-7.996414
-8.501007
-9.011998
-9.529903
-10.055258
-10.588632
-11.130626
-11.681879
-12.243067
-12.814905
-13.398145
-13.993571
-14.601984
-15.224189
-15.860963
-16.513014
-17.180909
-17.864981
-18.565184
-19.280879
-20.010541
-20.751342
-21.498594
-22.245034
-22.980009
-23.688684
-24.351633
-24.945346
-25.444321
-25.825025
-26.071072
-26.177652
-26.153024
-26.016212
-25.792197
-25.506905
-25.183671
-24.841576
-24.495227
-24.155316
-23.829458
-23.523023
-23.239841
-22.982765
-22.754080
-22.555810
-22.389918
-22.258404
-22.163284
-22.106389
-22.088891
-22.110386
-22.167368
-22.250962
-22.344175
-22.419864
-22.441970
-22.373081
-22.188066
-21.886496
-21.493869
-21.050165
-20.594836
-20.157344
-19.755045
-19.395448
-19.079618
-18.805092
-18.567847
-18.363464
-18.187728
-18.036888
-17.907745
-17.797629
-17.704355
-17.626156
-17.561617
-17.509623
-17.469312
-17.440034
-17.421321
-17.412866
-17.414508
-17.426213
-17.448076
-17.480312
-17.523261
-17.577391
-17.643312
-17.721788
-17.813757
-17.920364
-18.042991
-18.183311
-18.343348
-18.525564
-18.732969
-18.969276
-19.239106
-19.548285
-19.904259
-20.316707
-20.798457
-21.366906
-22.046308
-22.871580
-23.894925
-25.197700
-26.910980
-29.236118
-32.265933
-33.961083
-30.608784
-26.209493
-22.518381
-19.420942
-16.773894
-14.631898
-13.438698
-14.115668
-15.515617
-12.129124
-7.558014
-4.046539
-1.993116
-1.586802
-2.238103
-3.234042
-4.237034
-5.148398
-5.955154
-6.668420
-7.303776
-7.875686
-8.396278
-8.875399
-9.320974
-9.739398
-10.135859
-10.514601
-10.879124
-11.232338
-11.576681
-11.914214
-12.246688
-12.575601
-12.902244
-13.227734
-13.553045
-13.879028
-14.206433
-14.535922
-14.868088
-15.203458
-15.542511
-15.885682
-16.233371
-16.585949
-16.943764
-17.307148
-17.676420
-18.051894
-18.433878
-18.822683
-19.218628
-19.622038
-20.033255
-20.452636
-20.880564
-21.317445
-21.763718
-22.219859
-22.686384
-23.163857
-23.652897
-24.154186
-24.668472
-25.196589
-25.739458
-26.298106
-26.873682
-27.467472
-28.080925
-28.715677
-29.373588
-30.056777
-30.767678
-31.509101
-32.284316
-33.097153
-33.952147
-34.854716
-35.811416
-36.830287
-37.921349
-39.097329
-40.374767
-41.775758
-43.330843
-45.084121
-47.102983
-49.498717
-52.476948
-56.492139
-62.962836
-94.322783
-64.791734
-59.391083
-56.663965
-55.089434
-54.222733
-53.899403
