-12.010802
-12.009618
-12.008401
-12.007150
-12.005864
-12.004542
-12.003183
-12.001786
-12.000349
-11.998873
-11.997355
-11.995795
-11.994191
-11.992542
-11.990847
-11.989104
-11.987313
-11.985471
-11.983578
-11.981632
-11.979630
-11.977573
-11.975458
-11.973284
-11.971048
-11.968750
-11.966387
-11.963958
-11.961460
-11.958892
-11.956252
-11.953537
-11.950746
-11.947876
-11.944925
-11.941891
-11.938772
-11.935564
-11.932266
-11.928875
-11.925388
-11.921802
-11.918115
-11.914323
-11.910424
-11.906414
-11.902291
-11.898051
-11.893690
-11.889206
-11.884594
-11.879851
-11.874973
-11.869957
-11.864797
-11.859490
-11.854032
-11.848418
-11.842643
-11.836703
-11.830594
-11.824309
-11.817844
-11.811193
-11.804352
-11.797314
-11.790073
-11.782624
-11.774960
-11.767075
-11.758962
-11.750614
-11.742024
-11.733186
-11.724091
-11.714731
-11.705100
-11.695187
-11.684986
-11.674486
-11.663679
-11.652555
-11.641105
-11.629319
-11.617186
-11.604694
-11.591834
-11.578594
-11.564961
-11.550923
-11.536467
-11.521581
-11.506250
-11.490460
-11.474196
-11.457444
-11.440187
-11.422409
-11.404093
-11.385221
-11.365775
-11.345735
-11.325084
-11.303798
-11.281858
-11.259242
-11.235926
-11.211886
-11.187098
-11.161536
-11.135172
-11.107979
-11.079928
-11.050988
-11.021128
-10.990314
-10.958513
-10.925687
-10.891800
-10.856812
-10.820682
-10.783368
-10.744824
-10.705004
-10.663858
-10.621335
-10.577381
-10.531938
-10.484948
-10.436348
-10.386072
-10.334051
-10.280212
-10.224478
-10.166769
-10.106999
-10.045077
-9.980909
-9.914393
-9.845423
-9.773885
-9.699659
-9.622618
-9.542626
-9.459537
-9.373199
-9.283446
-9.190102
-9.092980
-8.991878
-8.886578
-8.776849
-8.662440
-8.543080
-8.418477
-8.288314
-8.152249
-8.009907
-7.860883
-7.704730
-7.540963
-7.369047
-7.188393
-6.998349
-6.798197
-6.587133
-6.364262
-6.128582
-5.878963
-5.614129
-5.332628
-5.032802
-4.712746
-4.370254
-4.002758
-3.607243
-3.180137
-2.717174
-2.213200
-1.661918
-1.055540
-0.384289
0.364293
1.206353
2.163171
3.263220
4.544826
6.058339
7.861060
9.970719
12.131583
13.213357
12.016042
9.603478
7.190522
5.079426
3.261627
1.680188
0.283734
-0.967050
-2.101395
-3.141141
-4.102849
-4.999290
-5.840486
-6.634424
-7.387564
-8.105198
-8.791720
-9.450809
-10.085586
-10.698716
-11.292498
-11.868927
-12.429752
-12.976513
-13.510578
-14.033166
-14.545374
-15.048193
-15.542523
-16.029187
-16.508943
-16.982490
-17.450478
-17.913516
-18.372177
-18.827002
-19.278507
-19.727186
-20.173516
-20.617957
-21.060962
-21.502974
-21.944432
-22.385773
-22.827436
-23.269864
-23.713507
-24.158826
-24.606295
-25.056409
-25.509680
-25.966648
-26.427885
-26.893998
-27.365635
-27.843497
-28.328340
-28.820989
-29.322348
-29.833411
-30.355283
-30.889197
-31.436534
-31.998860
-32.577954
-33.175857
-33.794928
-34.437917
-35.108059
-35.809199
-36.545956
-37.323953
-38.150128
-39.033182
-39.984231
-41.017778
-42.153241
-43.417402
-44.848577
-46.504060
-48.474204
-50.910163
-54.072668
-58.269747
-61.500757
-58.365905
-54.396354
-51.459322
-49.240851
-47.483372
-46.037636
-44.814288
-43.756575
-42.826484
-41.997404
-41.250017
-40.569866
-39.945860
-39.369295
-38.833221
-38.331990
-37.860947
-37.416209
-36.994494
-36.592999
-36.209308
-35.841317
-35.487178
-35.145253
-34.814081
-34.492341
-34.178839
-33.872476
-33.572241
-33.277190
-32.986435
-32.699137
-32.414488
-32.131712
-31.850046
-31.568740
-31.287044
-31.004201
-30.719439
-30.431959
-30.140926
-29.845457
-29.544602
-29.237333
-28.922516
-28.598889
-28.265021
-27.919275
-27.559742
-27.184168
-26.789841
-26.373445
-25.930844
-25.456769
-24.944357
-24.384422
-23.764305
-23.065939
-22.262448
-21.311769
-20.143666
-18.630179
-16.506708
-13.098780
-5.774270
-4.856631
-15.243841
-20.427841
-23.297131
-24.408721
-24.347569
-23.697780
-22.799010
-21.794292
-20.731260
-19.617467
-18.442938
-17.187854
-15.823606
-14.309766
-12.586290
-10.556351
-8.045053
-4.678962
0.608545
13.828879
3.986009
-3.092083
-7.307720
-10.550964
-12.430123
-9.580201
-1.640330
13.000005
6.105953
2.217020
1.234643
1.888792
4.379164
11.006778
15.520815
4.050099
0.712589
5.422963
-6.699550
-13.119375
-16.374262
-18.725390
-20.698086
-22.455690
-24.066594
-25.566849
-26.978750
-28.317621
-29.594754
-30.818871
-31.996939
-33.134661
-34.236800
-35.307395
-36.349920
-37.367393
-38.362473
-39.337516
-40.294635
-41.235741
-42.162577
-43.076747
-43.979740
-44.872951
-45.757700
-46.635246
-47.506802
-48.373550
-49.236653
-50.097267
-50.956555
-51.815696
-52.675905
-53.538443
-54.404636
-55.275890
-56.153720
-57.039768
-57.935841
-58.843942
-59.766321
-60.705532
-61.664510
-62.646664
-63.656005
-64.697318
-65.776395
-66.900354
-68.078112
-69.321062
-70.644117
-72.067359
-73.618781
-75.339122
-77.291071
-79.578638
-82.394110
-86.159302
-92.153781
-113.363870
-94.635942
-88.510184
-85.196925
-82.978760
-81.346947
-80.080364
-79.062731
-78.225300
-77.524035
-76.929028
-76.419042
-75.978450
-75.595423
-75.260792
-74.967306
-74.709133
-74.481515
-74.280516
-74.102848
-73.945735
-73.806809
-73.684042
-73.575676
-73.480183
-73.396223
-73.322620
-73.258331
-73.202429
-73.154088
-73.112569
-73.077207
-73.047400
-73.022608
-73.002338
-72.986142
-72.973612
-72.964377
-72.958095
-72.954453
-72.953163
-72.953960
-72.956601
-72.960859
-72.966524
-72.973405
-72.981320
-72.990102
-72.999596
-73.009655
-73.020145
-73.030937
-73.041913
-73.052959
-73.063971
-73.074847
-73.085494
-73.095822
-73.105745
-73.115183
-73.124056
-73.132292
-73.139817
-73.146564
-73.152465
-73.157458
-73.161480
-73.164472
-73.166376
-73.167139
