-18.032545
-18.031406
-18.030236
-18.029033
-18.027796
-18.026526
-18.025220
-18.023878
-18.022498
-18.021081
-18.019624
-18.018126
-18.016587
-18.015005
-18.013380
-18.011709
-18.009992
-18.008227
-18.006413
-18.004549
-18.002633
-18.000664
-17.998641
-17.996561
-17.994424
-17.992227
-17.989969
-17.987649
-17.985264
-17.982813
-17.980294
-17.977706
-17.975045
-17.972311
-17.969501
-17.966613
-17.963645
-17.960595
-17.957460
-17.954238
-17.950927
-17.947524
-17.944027
-17.940433
-17.936739
-17.932943
-17.929042
-17.925032
-17.920912
-17.916678
-17.912326
-17.907854
-17.903257
-17.898534
-17.893680
-17.888691
-17.883564
-17.878296
-17.872881
-17.867317
-17.861599
-17.855723
-17.849684
-17.843478
-17.837100
-17.830546
-17.823811
-17.816889
-17.809776
-17.802467
-17.794956
-17.787237
-17.779304
-17.771153
-17.762777
-17.754169
-17.745324
-17.736234
-17.726894
-17.717295
-17.707432
-17.697297
-17.686883
-17.676181
-17.665184
-17.653884
-17.642272
-17.630341
-17.618081
-17.605483
-17.592538
-17.579237
-17.565570
-17.551527
-17.537097
-17.522271
-17.507037
-17.491384
-17.475300
-17.458775
-17.441796
-17.424351
-17.406427
-17.388010
-17.369089
-17.349648
-17.329674
-17.309152
-17.288068
-17.266407
-17.244152
-17.221287
-17.197797
-17.173663
-17.148870
-17.123398
-17.097230
-17.070347
-17.042729
-17.014357
-16.985210
-16.955267
-16.924507
-16.892909
-16.860448
-16.827103
-16.792848
-16.757661
-16.721515
-16.684385
-16.646244
-16.607066
-16.566821
-16.525482
-16.483020
-16.439402
-16.394600
-16.348581
-16.301311
-16.252758
-16.202886
-16.151661
-16.099045
-16.045001
-15.989491
-15.932474
-15.873911
-15.813758
-15.751973
-15.688511
-15.623328
-15.556375
-15.487604
-15.416966
-15.344409
-15.269881
-15.193326
-15.114690
-15.033914
-14.950938
-14.865701
-14.778140
-14.688189
-14.595780
-14.500843
-14.403306
-14.303094
-14.200129
-14.094333
-13.985620
-13.873906
-13.759101
-13.641112
-13.519843
-13.395193
-13.267060
-13.135333
-12.999900
-12.860643
-12.717438
-12.570158
-12.418668
-12.262825
-12.102483
-11.937486
-11.767672
-11.592867
-11.412891
-11.227554
-11.036653
-10.839975
-10.637293
-10.428366
-10.212939
-9.990739
-9.761475
-9.524836
-9.280487
-9.028071
-8.767202
-8.497463
-8.218403
-7.929535
-7.630327
-7.320201
-6.998524
-6.664600
-6.317666
-5.956878
-5.581300
-5.189893
-4.781495
-4.354801
-3.908344
-3.440460
-2.949258
-2.432574
-1.887918
-1.312411
-0.702706
-0.054881
0.635673
1.374407
2.167779
3.023439
3.950379
4.958937
6.060352
7.265122
8.578285
9.987205
11.432941
12.756671
13.656890
13.812546
13.198101
12.114695
10.879111
9.667610
8.548593
7.538729
6.634513
5.825980
5.102058
4.452461
3.868235
3.341788
2.866750
2.437793
2.050461
1.701017
1.386323
1.103737
0.851035
0.626341
0.428081
0.254936
0.105811
-0.020193
-0.123796
-0.205563
-0.265911
-0.305120
-0.323337
-0.320587
-0.296764
-0.251638
-0.184847
-0.095892
0.015876
0.151263
0.311256
0.497042
0.710035
0.951916
1.224678
1.530683
1.872743
2.254218
2.679149
3.152439
3.680095
4.269572
4.930256
5.674181
6.517097
7.480159
8.592655
9.896677
11.455493
13.369345
15.805470
19.037762
23.182376
24.856979
21.103625
17.444780
14.735091
12.678558
11.061797
9.760077
8.698730
7.831485
7.129285
6.574411
6.157376
5.875428
5.732168
5.738148
5.912684
6.287537
6.914072
7.877657
9.328897
11.556953
15.135226
19.610931
15.621612
9.877958
5.722224
2.499683
-0.165755
-2.466278
-4.509891
-6.362694
-8.067907
-9.655260
-11.146023
-12.555876
-13.896644
-15.177382
-16.405077
-17.585113
-18.721577
-19.817453
-20.874739
-21.894487
-22.876790
-23.820695
-24.724034
-25.583152
-26.392478
-27.143864
-27.825550
-28.420514
-28.903735
-29.237424
-29.362211
-29.179334
-28.510131
-26.986201
-23.663492
-16.205100
-23.633976
-31.148117
-35.836042
-39.113851
-41.478876
-43.189776
-44.418825
-45.287205
-45.876612
-46.238502
-46.402928
-46.385769
-46.193805
-45.827704
-45.283174
-44.550446
-43.611996
-42.438017
-40.978328
-39.148069
-36.804376
-33.739183
-30.090414
-29.113428
-32.563580
-36.087644
-38.864050
-41.098899
-42.977510
-44.618399
-46.097868
-47.467018
-48.760904
-50.002863
-51.205529
-52.368881
-53.475050
-54.480236
-55.307708
-55.853725
-56.021828
-55.776868
-55.169937
-54.305085
-53.286182
-52.188108
-51.054484
-49.905892
-48.748300
-47.578786
-46.388759
-45.165429
-43.892132
-42.547832
-41.105982
-39.533058
-37.787948
-35.827492
-33.640314
-31.390020
-29.791900
-29.955526
-31.614327
-33.633273
-35.499226
-37.124350
-38.533765
-39.768563
-40.864665
-41.850169
-42.746536
-43.570186
-44.333810
-45.047347
-45.718688
-46.354179
-46.958986
-47.537363
-48.092849
-48.628418
-49.146591
-49.649523
-50.139070
-50.616845
-51.084257
-51.542545
-51.992808
-52.436027
-52.873079
-53.304758
-53.731784
-54.154815
-54.574458
-54.991271
-55.405776
-55.818461
-56.229786
-56.640186
-57.050080
-57.459867
-57.869935
-58.280661
-58.692414
-59.105559
-59.520459
-59.937473
-60.356965
-60.779303
-61.204859
-61.634015
-62.067163
-62.504709
-62.947072
-63.394691
-63.848027
-64.307563
-64.773812
-65.247317
-65.728656
-66.218451
-66.717367
-67.226123
-67.745496
-68.276332
-68.819556
-69.376177
-69.947310
-70.534185
-71.138169
-71.760787
-72.403747
-73.068979
-73.758669
-74.475315
-75.221787
-76.001411
-76.818073
-77.676359
-78.581736
-79.540807
-80.561654
-81.654340
-82.831630
-84.110102
-85.511884
-87.067552
-88.821234
-90.840350
-93.236215
-96.214478
-100.229628
-106.700230
-138.060047
-108.528853
-103.128058
-100.400808
-98.826171
-97.959399
-97.636041
