-24.018129
-24.015870
-24.013549
-24.011164
-24.008715
-24.006200
-24.003615
-24.000961
-23.998234
-23.995433
-23.992557
-23.989602
-23.986567
-23.983450
-23.980249
-23.976961
-23.973584
-23.970116
-23.966554
-23.962897
-23.959141
-23.955283
-23.951322
-23.947255
-23.943078
-23.938790
-23.934386
-23.929865
-23.925222
-23.920456
-23.915562
-23.910538
-23.905380
-23.900085
-23.894650
-23.889070
-23.883342
-23.877463
-23.871429
-23.865235
-23.858878
-23.852353
-23.845657
-23.838786
-23.831734
-23.824498
-23.817073
-23.809455
-23.801638
-23.793618
-23.785390
-23.776949
-23.768291
-23.759408
-23.750297
-23.740953
-23.731368
-23.721539
-23.711459
-23.701122
-23.690522
-23.679654
-23.668512
-23.657088
-23.645377
-23.633372
-23.621067
-23.608455
-23.595529
-23.582283
-23.568708
-23.554799
-23.540549
-23.525949
-23.510992
-23.495672
-23.479979
-23.463908
-23.447449
-23.430595
-23.413339
-23.395671
-23.377584
-23.359070
-23.340120
-23.320727
-23.300880
-23.280573
-23.259796
-23.238541
-23.216799
-23.194562
-23.171819
-23.148564
-23.124786
-23.100478
-23.075629
-23.050231
-23.024275
-22.997752
-22.970653
-22.942969
-22.914691
-22.885810
-22.856316
-22.826202
-22.795459
-22.764076
-22.732046
-22.699360
-22.666009
-22.631985
-22.597279
-22.561882
-22.525787
-22.488985
-22.451467
-22.413227
-22.374257
-22.334547
-22.294092
-22.252883
-22.210914
-22.168177
-22.124665
-22.080372
-22.035291
-21.989416
-21.942741
-21.895259
-21.846966
-21.797856
-21.747923
-21.697163
-21.645570
-21.593141
-21.539871
-21.485756
-21.430793
-21.374977
-21.318306
-21.260777
-21.202386
-21.143133
-21.083013
-21.022027
-20.960171
-20.897444
-20.833846
-20.769376
-20.704033
-20.637816
-20.570726
-20.502762
-20.433926
-20.364217
-20.293638
-20.222188
-20.149869
-20.076683
-20.002631
-19.927716
-19.851940
-19.775304
-19.697812
-19.619466
-19.540269
-19.460224
-19.379333
-19.297602
-19.215031
-19.131626
-19.047390
-18.962326
-18.876438
-18.789730
-18.702206
-18.613869
-18.524724
-18.434774
-18.344024
-18.252476
-18.160136
-18.067007
-17.973093
-17.878397
-17.782923
-17.686676
-17.589657
-17.491872
-17.393322
-17.294012
-17.193943
-17.093120
-16.991544
-16.889218
-16.786144
-16.682325
-16.577763
-16.472458
-16.366412
-16.259627
-16.152103
-16.043840
-15.934840
-15.825101
-15.714624
-15.603408
-15.491451
-15.378752
-15.265310
-15.151121
-15.036184
-14.920495
-14.804051
-14.686847
-14.568880
-14.450143
-14.330633
-14.210342
-14.089264
-13.967392
-13.844718
-13.721233
-13.596930
-13.471797
-13.345826
-13.219004
-13.091320
-12.962761
-12.833314
-12.702965
-12.571699
-12.439500
-12.306351
-12.172235
-12.037132
-11.901022
-11.763886
-11.625700
-11.486442
-11.346087
-11.204609
-11.061982
-10.918176
-10.773162
-10.626909
-10.479382
-10.330548
-10.180370
-10.028809
-9.875824
-9.721374
-9.565413
-9.407894
-9.248768
-9.087982
-8.925482
-8.761209
-8.595104
-8.427102
-8.257134
-8.085131
-7.911017
-7.734711
-7.556132
-7.375189
-7.191789
-7.005834
-6.817217
-6.625827
-6.431547
-6.234251
-6.033806
-5.830069
-5.622891
-5.412109
-5.197553
-4.979039
-4.756371
-4.529339
-4.297717
-4.061264
-3.819719
-3.572803
-3.320212
-3.061620
-2.796674
-2.524988
-2.246147
-1.959696
-1.665139
-1.361933
-1.049484
-0.727138
-0.394175
-0.049798
0.306875
0.676825
1.061143
1.461052
1.877920
2.313288
2.768892
3.246694
3.748919
4.278085
4.837051
5.429044
6.057688
6.726994
7.441283
8.204968
9.022045
9.895017
10.822723
11.796132
12.790714
13.754322
14.593573
15.174086
15.362455
15.106603
14.476002
13.609061
12.635209
11.640820
10.672817
9.752651
8.887735
8.078449
7.321946
6.614109
5.950508
5.326854
4.739185
4.183934
3.657923
3.158342
2.682710
2.228840
1.794795
1.378863
0.979521
0.595413
0.225328
-0.131820
-0.477007
-0.811115
-1.134941
-1.449211
-1.754582
-2.051658
-2.340992
-2.623090
-2.898419
-3.167414
-3.430473
-3.687970
-3.940251
-4.187643
-4.430449
-4.668955
-4.903433
-5.134138
-5.361314
-5.585191
-5.805991
-6.023927
-6.239204
-6.452018
-6.662562
-6.871023
-7.077584
-7.282424
-7.485722
-7.687652
-7.888391
-8.088113
-8.286995
-8.485214
-8.682953
-8.880394
-9.077727
-9.275146
-9.472853
-9.671057
-9.869975
-10.069838
-10.270885
-10.473372
-10.677571
-10.883770
-11.092279
-11.303432
-11.517590
-11.735143
-11.956518
-12.182181
-12.412643
-12.648469
-12.890287
-13.138792
-13.394766
-13.659084
-13.932739
-14.216855
-14.512720
-14.821814
-15.145852
-15.486833
-15.847107
-16.229463
-16.637241
-17.074484
-17.546147
-18.058386
-18.618970
-19.237891
-19.928272
-20.707802
-21.601092
-22.643749
-23.889970
-25.428024
-27.416135
-30.182923
-34.615201
-45.453688
-40.985326
-32.261772
-27.701344
-24.484912
-21.928896
-19.756217
-17.824900
-16.050662
-14.377637
-12.765139
-11.180839
-9.596809
-7.986970
-6.325279
-4.584428
-2.735262
-0.748058
1.400695
3.705250
6.065150
8.155291
9.413837
9.590279
9.133309
8.591123
8.239170
8.173724
8.428573
9.028639
10.012361
11.440938
13.378580
15.695561
17.176032
15.771921
12.815015
10.014218
7.667563
5.737969
4.253053
3.536093
4.203025
5.118958
4.286305
2.893256
1.724270
0.889583
0.501788
0.900784
2.541398
4.927500
6.117677
5.798027
5.148118
4.649771
4.345527
4.191337
4.140658
4.156547
4.210960
4.282778
4.356344
4.420498
4.467893
4.494407
4.498561
4.480928
4.443549
4.389396
4.321925
4.244724
4.161275
4.074800
3.988183
3.903947
3.824263
3.750984
3.685683
3.629698
3.584173
3.550093
3.528310
3.519565
