-0.014940
-0.014966
-0.014994
-0.015022
-0.015051
-0.015081
-0.015111
-0.015143
-0.015175
-0.015208
-0.015243
-0.015278
-0.015314
-0.015351
-0.015389
-0.015428
-0.015468
-0.015510
-0.015552
-0.015596
-0.015641
-0.015687
-0.015735
-0.015783
-0.015833
-0.015885
-0.015938
-0.015992
-0.016048
-0.016106
-0.016165
-0.016226
-0.016288
-0.016352
-0.016418
-0.016486
-0.016556
-0.016627
-0.016701
-0.016777
-0.016854
-0.016934
-0.017016
-0.017101
-0.017188
-0.017277
-0.017368
-0.017463
-0.017560
-0.017659
-0.017761
-0.017867
-0.017975
-0.018086
-0.018200
-0.018317
-0.018438
-0.018562
-0.018689
-0.018820
-0.018955
-0.019093
-0.019235
-0.019382
-0.019532
-0.019686
-0.019845
-0.020008
-0.020176
-0.020348
-0.020525
-0.020708
-0.020895
-0.021087
-0.021285
-0.021488
-0.021697
-0.021912
-0.022133
-0.022359
-0.022593
-0.022832
-0.023079
-0.023332
-0.023592
-0.023860
-0.024135
-0.024418
-0.024708
-0.025007
-0.025314
-0.025629
-0.025954
-0.026287
-0.026630
-0.026982
-0.027344
-0.027717
-0.028099
-0.028493
-0.028897
-0.029313
-0.029740
-0.030179
-0.030630
-0.031094
-0.031571
-0.032062
-0.032566
-0.033084
-0.033617
-0.034164
-0.034727
-0.035306
-0.035900
-0.036512
-0.037140
-0.037787
-0.038451
-0.039134
-0.039836
-0.040557
-0.041299
-0.042062
-0.042846
-0.043652
-0.044481
-0.045333
-0.046209
-0.047110
-0.048036
-0.048987
-0.049966
-0.050972
-0.052007
-0.053070
-0.054164
-0.055288
-0.056444
-0.057633
-0.058855
-0.060111
-0.061403
-0.062732
-0.064098
-0.065502
-0.066947
-0.068432
-0.069959
-0.071529
-0.073144
-0.074805
-0.076512
-0.078268
-0.080074
-0.081931
-0.083841
-0.085805
-0.087825
-0.089903
-0.092039
-0.094237
-0.096497
-0.098822
-0.101213
-0.103672
-0.106201
-0.108803
-0.111480
-0.114233
-0.117065
-0.119979
-0.122976
-0.126059
-0.129231
-0.132494
-0.135852
-0.139306
-0.142860
-0.146517
-0.150279
-0.154151
-0.158135
-0.162234
-0.166453
-0.170794
-0.175262
-0.179860
-0.184592
-0.189463
-0.194476
-0.199636
-0.204947
-0.210415
-0.216043
-0.221837
-0.227802
-0.233943
-0.240266
-0.246776
-0.253479
-0.260382
-0.267490
-0.274809
-0.282348
-0.290112
-0.298108
-0.306344
-0.314828
-0.323568
-0.332571
-0.341846
-0.351402
-0.361248
-0.371393
-0.381848
-0.392621
-0.403723
-0.415166
-0.426960
-0.439116
-0.451648
-0.464566
-0.477884
-0.491616
-0.505774
-0.520373
-0.535428
-0.550955
-0.566968
-0.583485
-0.600522
-0.618098
-0.636229
-0.654936
-0.674238
-0.694155
-0.714708
-0.735919
-0.757812
-0.780408
-0.803734
-0.827813
-0.852672
-0.878339
-0.904841
-0.932207
-0.960468
-0.989656
-1.019802
-1.050939
-1.083104
-1.116332
-1.150661
-1.186128
-1.222776
-1.260644
-1.299776
-1.340216
-1.382012
-1.425210
-1.469859
-1.516012
-1.563721
-1.613040
-1.664027
-1.716739
-1.771237
-1.827584
-1.885844
-1.946084
-2.008372
-2.072780
-2.139380
-2.208249
-2.279464
-2.353107
-2.429258
-2.508005
-2.589435
-2.673639
-2.760709
-2.850744
-2.943840
-3.040101
-3.139631
-3.242538
-3.348933
-3.458932
-3.572650
-3.690211
-3.811738
-3.937360
-4.067209
-4.201424
-4.340143
-4.483513
-4.631683
-4.784810
-4.943054
-5.106580
-5.275563
-5.450180
-5.630619
-5.817074
-6.009746
-6.208848
-6.414602
-6.627239
-6.847004
-7.074154
-7.308961
-7.551712
-7.802712
-8.062283
-8.330772
-8.608544
-8.895995
-9.193544
-9.501647
-9.820790
-10.151500
-10.494346
-10.849947
-11.218973
-11.602153
-12.000285
-12.414238
-12.844965
-13.293514
-13.761037
-14.248801
-14.758209
-15.290813
-15.848332
-16.432677
-17.045971
-17.690576
-18.369116
-19.084501
-19.839938
-20.638925
-21.485197
-22.382599
-23.334788
-24.344642
-25.413104
-26.537007
-27.705138
-28.891590
-30.046126
-31.084898
-31.893709
-32.362193
-32.443496
-32.185634
-31.696812
-31.086065
-30.431088
-29.776208
-29.141965
-28.534741
-27.953400
-27.393309
-26.848662
-26.313793
-25.783901
-25.255394
-24.725988
-24.194630
-23.661315
-23.126836
-22.592521
-22.059994
-21.530967
-21.007092
-20.489856
-19.980524
-19.480113
-18.989401
-18.508940
-18.039090
-17.580058
-17.131931
-16.694722
-16.268406
-15.852959
-15.448395
-15.054805
-14.672389
-14.301497
-13.942662
-13.596631
-13.264396
-12.947214
-12.646618
-12.364417
-12.102661
-11.863596
-11.649570
-11.462923
-11.305826
-11.180123
-11.087146
-11.027560
-11.001245
-11.007227
-11.043697
-11.108083
-11.197191
-11.307383
-11.434774
-11.575420
-11.725486
-11.881381
-12.039855
-12.198060
-12.353583
-12.504448
-12.649108
-12.786413
-12.915581
-13.036161
-13.147996
-13.251192
-13.346090
-13.433246
-13.513422
-13.587584
-13.656920
-13.722869
-13.787176
-13.851971
-13.919884
-13.994206
-14.079112
-14.179951
-14.303635
-14.459135
-14.658073
-14.915403
-15.250065
-15.685460
-16.249467
-16.973714
-17.891937
-19.037686
-20.442052
-22.132088
-24.129211
-26.443195
-29.049793
-31.831246
-34.496371
-36.710464
-38.665176
-41.479975
-48.563541
-50.220870
-38.266202
-32.584796
-28.778363
-25.990865
-23.890072
-22.296735
-21.090666
-20.181480
-19.498869
-18.988583
-18.609623
-18.331650
-18.132601
-17.996675
-17.912752
-17.873223
-17.873154
-17.909724
-17.981875
-18.090134
-18.236589
-18.425023
-18.661215
-18.953499
-19.313662
-19.758419
-20.311866
-21.009668
-21.906578
-23.090461
-24.708497
-27.002049
-30.118110
-31.424923
-27.105352
-22.280425
-18.287609
-14.889859
-11.912846
-9.322221
-7.203606
-5.699629
-4.872137
-4.607517
-4.692312
-4.939902
-5.235154
-5.519301
-5.765708
-5.963501
-6.108734
-6.199996
-6.236259
