0.044731
0.046365
0.048044
0.049770
0.051545
0.053369
0.055244
0.057171
0.059152
0.061188
0.063282
0.065433
0.067645
0.069919
0.072256
0.074659
0.077128
0.079667
0.082277
0.084960
0.087717
0.090552
0.093467
0.096462
0.099542
0.102708
0.105963
0.109309
0.112748
0.116284
0.119919
0.123656
0.127498
0.131448
0.135508
0.139683
0.143974
0.148386
0.152922
0.157586
0.162380
0.167310
0.172378
0.177589
0.182946
0.188454
0.194117
0.199940
0.205927
0.212083
0.218412
0.224920
0.231611
0.238492
0.245567
0.252842
0.260323
0.268015
0.275925
0.284059
0.292424
0.301026
0.309871
0.318968
0.328323
0.337943
0.347838
0.358013
0.368478
0.379241
0.390311
0.401697
0.413407
0.425452
0.437841
0.450584
0.463692
0.477175
0.491044
0.505312
0.519988
0.535087
0.550619
0.566598
0.583038
0.599951
0.617352
0.635256
0.653677
0.672631
0.692133
0.712202
0.732852
0.754102
0.775970
0.798474
0.821634
0.845470
0.870001
0.895249
0.921237
0.947985
0.975517
1.003858
1.033032
1.063065
1.093981
1.125810
1.158578
1.192315
1.227049
1.262813
1.299636
1.337552
1.376595
1.416798
1.458198
1.500831
1.544734
1.589947
1.636509
1.684461
1.733845
1.784705
1.837083
1.891026
1.946580
2.003792
2.062710
2.123383
2.185861
2.250194
2.316432
2.384628
2.454833
2.527097
2.601471
2.678006
2.756751
2.837752
2.921056
3.006702
3.094731
3.185177
3.278066
3.373420
3.471252
3.571565
3.674348
3.779578
3.887214
3.997194
4.109433
4.223820
4.340209
4.458419
4.578225
4.699354
4.821475
4.944194
5.067044
5.189479
5.310860
5.430454
5.547419
5.660800
5.769527
5.872408
5.968134
6.055287
6.132352
6.197742
6.249824
6.286959
6.307548
6.310085
6.293213
6.255780
6.196890
6.115948
6.012691
5.887200
5.739899
5.571534
5.383140
5.175991
4.951549
4.711405
4.457227
4.190705
3.913512
3.627266
3.333502
3.033655
2.729050
2.420891
2.110267
1.798149
1.485400
1.172779
0.860952
0.550499
0.241923
-0.064339
-0.367913
-0.668475
-0.965749
-1.259495
-1.549510
-1.835619
-2.117670
-2.395535
-2.669099
-2.938265
-3.202946
-3.463065
-3.718553
-3.969347
-4.215387
-4.456620
-4.692991
-4.924451
-5.150948
-5.372432
-5.588852
-5.800156
-6.006291
-6.207202
-6.402832
-6.593123
-6.778012
-6.957436
-7.131327
-7.299616
-7.462229
-7.619090
-7.770120
-7.915235
-8.054347
-8.187366
-8.314195
-8.434736
-8.548884
-8.656529
-8.757557
-8.851847
-8.939272
-9.019700
-9.092990
-9.158996
-9.217562
-9.268525
-9.311710
-9.346937
-9.374012
-9.392733
-9.402885
-9.404243
-9.396572
-9.379624
-9.353143
-9.316865
-9.270517
-9.213827
-9.146523
-9.068344
-8.979048
-8.878426
-8.766322
-8.642655
-8.507456
-8.360907
-8.203404
-8.035628
-7.858644
-7.674016
-7.483955
-7.291491
-7.100654
-6.916657
-6.746041
-6.596712
-6.477812
-6.399314
-6.371298
-6.402914
-6.501172
-6.669821
-6.908625
-7.213280
-7.575988
-7.986503
-8.433336
-8.904853
-9.390074
-9.879146
-10.363544
-10.836071
-11.290744
-11.722646
-12.127749
-12.502775
-12.845062
-13.152469
-13.423293
-13.656209
-13.850217
-14.004601
-14.118885
-14.192801
-14.226245
-14.219251
-14.171965
-14.084637
-13.957635
-13.791500
-13.587062
-13.345642
-13.069397
-12.761864
-12.428793
-12.079346
-11.727725
-11.395062
-11.111025
-10.913806
-10.846539
-10.948751
-11.244658
-11.734318
-12.393727
-13.183760
-14.061756
-14.989796
-15.938005
-16.884281
-17.812392
-18.709748
-19.565363
-20.368200
-21.105879
-21.763794
-22.324735
-22.769171
-23.076322
-23.225911
-23.200095
-22.984668
-22.568542
-21.940862
-21.085495
-19.972384
-18.543527
-16.686190
-14.170739
-10.479540
-4.526531
-3.681530
-10.482906
-14.968789
-18.183333
-20.733524
-22.895136
-24.813606
-26.575392
-28.236631
-29.835938
-31.400106
-32.945632
-34.476562
-35.977797
-37.402956
-38.660021
-39.611776
-40.122241
-40.144395
-39.760205
-39.119295
-38.356245
-37.558258
-36.771516
-36.016520
-35.299906
-34.621445
-33.977762
-33.364206
-32.775748
-32.207389
-31.654312
-31.111929
-30.575858
-30.041892
-29.505959
-28.964107
-28.412511
-27.847559
-27.266030
-26.665466
-26.044857
-25.405870
-24.754941
-24.106666
-23.488757
-22.947819
-22.552419
-22.385660
-22.520099
-22.983411
-23.742870
-24.724655
-25.848374
-27.050078
-28.287994
-29.538886
-30.792368
-32.046262
-33.303565
-34.570731
-35.856881
-37.173676
-38.535760
-39.961802
-41.476405
-43.113471
-44.922387
-46.980273
-49.419135
-52.496825
-56.839182
-64.872778
-72.323293
-59.934135
-55.217738
-52.288669
-50.167164
-48.498590
-47.112591
-45.912908
-44.838726
-43.848167
-42.910264
-42.000654
-41.099104
-40.187978
-39.251229
-38.273629
-37.240092
-36.134926
-34.940857
-33.637623
-32.199821
-30.593461
-28.770246
-26.657844
-24.144050
-21.062380
-17.307005
-14.129048
-15.263475
-18.337876
-20.878766
-22.796608
-24.272038
-25.438789
-26.383357
-27.162554
-27.815065
-28.368193
-28.841822
-29.250821
-29.606562
-29.917910
-30.191889
-30.434138
-30.649247
-30.840983
-31.012472
-31.166327
-31.304749
-31.429603
-31.542481
-31.644746
-31.737574
-31.821981
-31.898851
-31.968953
-32.032962
-32.091469
-32.144994
-32.193996
-32.238881
-32.280008
-32.317695
-32.352225
-32.383849
-32.412789
-32.439243
-32.463387
-32.485375
-32.505344
-32.523412
-32.539685
-32.554250
-32.567183
-32.578545
-32.588387
-32.596742
-32.603635
-32.609076
-32.613060
-32.615570
-32.616569
