0.883955
0.908842
0.934414
0.960689
0.987685
1.015421
1.043915
1.073186
1.103253
1.134134
1.165851
1.198421
1.231864
1.266201
1.301451
1.337633
1.374767
1.412871
1.451965
1.492066
1.533192
1.575361
1.618588
1.662887
1.708273
1.754757
1.802349
1.851057
1.900887
1.951841
2.003918
2.057115
2.111421
2.166824
2.223303
2.280834
2.339382
2.398908
2.459360
2.520679
2.582793
2.645615
2.709049
2.772977
2.837268
2.901769
2.966306
3.030681
3.094670
3.158022
3.220455
3.281653
3.341267
3.398909
3.454155
3.506538
3.555553
3.600651
3.641247
3.676713
3.706389
3.729583
3.745578
3.753640
3.753029
3.743007
3.722852
3.691873
3.649422
3.594912
3.527828
3.447744
3.354332
3.247372
3.126762
2.992513
2.844758
2.683740
2.509812
2.323422
2.125101
1.915452
1.695134
1.464846
1.225316
0.977283
0.721487
0.458658
0.189509
-0.085276
-0.365043
-0.649175
-0.937094
-1.228262
-1.522181
-1.818396
-2.116490
-2.416086
-2.716840
-3.018446
-3.320629
-3.623144
-3.925773
-4.228324
-4.530628
-4.832538
-5.133925
-5.434677
-5.734699
-6.033909
-6.332238
-6.629627
-6.926030
-7.221406
-7.515724
-7.808961
-8.101097
-8.392122
-8.682026
-8.970806
-9.258463
-9.544999
-9.830420
-10.114735
-10.397955
-10.680091
-10.961158
-11.241171
-11.520145
-11.798098
-12.075048
-12.351012
-12.626011
-12.900062
-13.173185
-13.445400
-13.716727
-13.987184
-14.256793
-14.525571
-14.793538
-15.060715
-15.327118
-15.592768
-15.857683
-16.121881
-16.385380
-16.648197
-16.910350
-17.171856
-17.432731
-17.692992
-17.952654
-18.211734
-18.470246
-18.728205
-18.985626
-19.242524
-19.498912
-19.754803
-20.010211
-20.265150
-20.519630
-20.773665
-21.027267
-21.280448
-21.533218
-21.785589
-22.037572
-22.289177
-22.540414
-22.791293
-23.041825
-23.292018
-23.541882
-23.791426
-24.040658
-24.289587
-24.538221
-24.786569
-25.034637
-25.282434
-25.529967
-25.777243
-26.024270
-26.271054
-26.517601
-26.763919
-27.010013
-27.255890
-27.501555
-27.747014
-27.992274
-28.237339
-28.482214
-28.726906
-28.971418
-29.215756
-29.459925
-29.703929
-29.947773
-30.191461
-30.434997
-30.678386
-30.921632
-31.164738
-31.407708
-31.650547
-31.893257
-32.135842
-32.378306
-32.620652
-32.862883
-33.105003
-33.347014
-33.588919
-33.830722
-34.072424
-34.314030
-34.555541
-34.796960
-35.038290
-35.279533
-35.520692
-35.761768
-36.002765
-36.243684
-36.484527
-36.725297
-36.965996
-37.206625
-37.447186
-37.687682
-37.928115
-38.168485
-38.408795
-38.649046
-38.889240
-39.129380
-39.369465
-39.609498
-39.849480
-40.089412
-40.329297
-40.569135
-40.808928
-41.048677
-41.288383
-41.528047
-41.767671
-42.007256
-42.246803
-42.486313
-42.725787
-42.965226
-43.204632
-43.444004
-43.683345
-43.922655
-44.161935
-44.401186
-44.640408
-44.879603
-45.118772
-45.357915
-45.597034
-45.836128
-46.075198
-46.314246
-46.553273
-46.792278
-47.031262
-47.270227
-47.509172
-47.748099
-47.987008
-48.225900
-48.464775
-48.703634
-48.942477
-49.181306
-49.420120
-49.658920
-49.897707
-50.136481
-50.375243
-50.613993
-50.852731
-51.091459
-51.330177
-51.568884
-51.807582
-52.046271
-52.284951
-52.523624
-52.762288
-53.000946
-53.239596
-53.478240
-53.716878
-53.955510
-54.194136
-54.432758
-54.671375
-54.909988
-55.148597
-55.387203
-55.625806
-55.864405
-56.103003
-56.341598
-56.580191
-56.818783
-57.057374
-57.295964
-57.534554
-57.773143
-58.011733
-58.250323
-58.488914
-58.727505
-58.966098
-59.204693
-59.443290
-59.681889
-59.920490
-60.159094
-60.397702
-60.636312
-60.874926
-61.113544
-61.352165
-61.590791
-61.829422
-62.068057
-62.306697
-62.545342
-62.783993
-63.022649
-63.261310
-63.499978
-63.738652
-63.977331
-64.216017
-64.454710
-64.693409
-64.932114
-65.170827
-65.409546
-65.648271
-65.887004
-66.125743
-66.364489
-66.603241
-66.842000
-67.080765
-67.319536
-67.558314
-67.797097
-68.035885
-68.274678
-68.513477
-68.752279
-68.991085
-69.229894
-69.468705
-69.707519
-69.946333
-70.185147
-70.423960
-70.662771
-70.901579
-71.140383
-71.379181
-71.617971
-71.856752
-72.095522
-72.334278
-72.573020
-72.811744
-73.050447
-73.289127
-73.527781
-73.766406
-74.004997
-74.243551
-74.482063
-74.720530
-74.958945
-75.197304
-75.435601
-75.673829
-75.911981
-76.150051
-76.388029
-76.625907
-76.863676
-77.101326
-77.338845
-77.576221
-77.813442
-78.050493
-78.287359
-78.524024
-78.760469
-78.996674
-79.232620
-79.468283
-79.703637
-79.938656
-80.173309
-80.407566
-80.641390
-80.874744
-81.107585
-81.339869
-81.571544
-81.802557
-82.032848
-82.262350
-82.490993
-82.718698
-82.945375
-83.170931
-83.395259
-83.618241
-83.839749
-84.059637
-84.277745
-84.493896
-84.707891
-84.919506
-85.128491
-85.334566
-85.537414
-85.736676
-85.931945
-86.122757
-86.308584
-86.488815
-86.662750
-86.829575
-86.988345
-87.137949
-87.277081
-87.404188
-87.517418
-87.614532
-87.692810
-87.748908
-87.778668
-87.776853
-87.736769
-87.649715
-87.504155
-87.284437
-86.968723
-86.525474
-85.907118
-85.037630
-83.785401
-81.893687
-78.752253
-72.236621
-68.232337
-79.258791
-84.771481
-88.471027
-91.196550
-93.239710
-94.739088
-95.791137
-96.484563
-96.905179
-97.133215
-97.244684
-97.320191
-97.459514
-97.794759
-98.485652
-99.683638
-101.501332
-104.102747
-108.064482
-103.584149
-99.662695
-105.924474
-109.557928
-112.210202
-109.460716
-101.525632
-111.426752
-115.472335
-118.246078
-120.358084
-121.675488
-121.140352
-112.156151
-126.215723
-135.628690
-141.466616
-146.447573
-151.639849
-157.824702
-166.573347
-200.420696
-173.683375
-171.502611
-172.597131
-175.764133
-181.462071
-194.791960
