-24.092163
-24.092126
-24.092089
-24.092050
-24.092010
-24.091969
-24.091926
-24.091883
-24.091838
-24.091792
-24.091745
-24.091697
-24.091647
-24.091596
-24.091543
-24.091489
-24.091433
-24.091375
-24.091316
-24.091256
-24.091193
-24.091129
-24.091063
-24.090996
-24.090926
-24.090854
-24.090781
-24.090705
-24.090627
-24.090547
-24.090464
-24.090379
-24.090292
-24.090202
-24.090110
-24.090015
-24.089918
-24.089817
-24.089714
-24.089608
-24.089498
-24.089386
-24.089270
-24.089151
-24.089029
-24.088903
-24.088774
-24.088640
-24.088503
-24.088362
-24.088217
-24.088068
-24.087914
-24.087756
-24.087593
-24.087426
-24.087254
-24.087076
-24.086894
-24.086706
-24.086513
-24.086314
-24.086109
-24.085898
-24.085681
-24.085458
-24.085228
-24.084991
-24.084747
-24.084496
-24.084238
-24.083971
-24.083697
-24.083415
-24.083124
-24.082825
-24.082517
-24.082199
-24.081872
-24.081535
-24.081187
-24.080829
-24.080461
-24.080081
-24.079689
-24.079286
-24.078870
-24.078441
-24.078000
-24.077544
-24.077074
-24.076590
-24.076091
-24.075576
-24.075045
-24.074498
-24.073933
-24.073350
-24.072749
-24.072129
-24.071489
-24.070828
-24.070147
-24.069443
-24.068717
-24.067967
-24.067193
-24.066393
-24.065567
-24.064715
-24.063834
-24.062923
-24.061983
-24.061011
-24.060006
-24.058968
-24.057895
-24.056785
-24.055637
-24.054450
-24.053222
-24.051952
-24.050637
-24.049277
-24.047869
-24.046411
-24.044902
-24.043339
-24.041720
-24.040043
-24.038306
-24.036505
-24.034639
-24.032704
-24.030698
-24.028617
-24.026459
-24.024220
-24.021896
-24.019484
-24.016980
-24.014380
-24.011680
-24.008874
-24.005960
-24.002930
-23.999781
-23.996506
-23.993100
-23.989557
-23.985870
-23.982033
-23.978038
-23.973879
-23.969545
-23.965031
-23.960326
-23.955422
-23.950308
-23.944974
-23.939409
-23.933602
-23.927539
-23.921209
-23.914598
-23.907690
-23.900471
-23.892924
-23.885031
-23.876776
-23.868138
-23.859097
-23.849630
-23.839716
-23.829329
-23.818444
-23.807033
-23.795067
-23.782515
-23.769343
-23.755517
-23.741000
-23.725752
-23.709732
-23.692893
-23.675190
-23.656571
-23.636983
-23.616369
-23.594668
-23.571815
-23.547742
-23.522375
-23.495636
-23.467443
-23.437707
-23.406334
-23.373224
-23.338272
-23.301362
-23.262376
-23.221185
-23.177653
-23.131634
-23.082976
-23.031513
-22.977072
-22.919469
-22.858507
-22.793978
-22.725662
-22.653324
-22.576718
-22.495581
-22.409635
-22.318588
-22.222130
-22.119933
-22.011652
-21.896925
-21.775368
-21.646578
-21.510131
-21.365580
-21.212456
-21.050268
-20.878495
-20.696595
-20.503993
-20.300087
-20.084241
-19.855781
-19.613998
-19.358134
-19.087386
-18.800890
-18.497720
-18.176873
-17.837256
-17.477672
-17.096800
-16.693165
-16.265113
-15.810769
-15.327987
-14.814286
-14.266771
-13.682024
-13.055967
-12.383674
-11.659116
-10.874810
-10.021326
-9.086567
-8.054718
-6.904652
-5.607491
-4.122858
-2.393468
-0.339770
2.128635
4.972521
7.266112
6.780920
4.274748
1.751209
-0.343287
-2.055288
-3.476120
-4.677158
-5.709052
-6.607686
-7.398974
-8.102075
-8.731468
-9.298316
-9.811379
-10.277629
-10.702685
-11.091116
-11.446668
-11.772418
-12.070900
-12.344190
-12.593972
-12.821586
-13.028061
-13.214135
-13.380268
-13.526645
-13.653167
-13.759435
-13.844725
-13.907953
-13.947623
-13.961768
-13.947873
-13.902773
-13.822539
-13.702327
-13.536201
-13.316915
-13.035631
-12.681573
-12.241553
-11.699313
-11.034534
-10.221260
-9.225237
-7.999161
-6.473785
-4.540486
-2.016869
1.400631
5.788648
6.942710
2.922454
-0.576098
-3.099166
-4.982360
-6.442809
-7.608137
-8.557336
-9.342207
-9.998389
-10.551335
-11.019749
-11.417665
-11.755763
-12.042229
-12.283342
-12.483862
-12.647306
-12.776128
-12.871819
-12.934969
-12.965252
-12.961374
-12.920955
-12.840334
-12.714298
-12.535678
-12.294811
-11.978787
-11.570439
-11.047005
-10.378422
-9.525417
-8.438351
-7.061183
-5.358850
-3.438761
-1.914150
-1.958003
-3.551882
-5.520103
-7.261703
-8.673794
-9.792649
-10.675001
-11.371228
-11.921397
-12.356317
-12.699371
-12.968155
-13.175755
-13.331668
-13.442402
-13.511791
-13.540989
-13.528095
-13.467235
-13.346830
-13.146542
-12.832185
-12.347796
-11.605259
-10.477424
-8.819709
-6.605251
-4.387055
-3.634193
-4.577196
-5.872470
-6.895496
-7.592972
-8.030021
-8.269735
-8.355868
-8.314918
-8.159748
-7.891508
-7.499297
-6.957099
-6.217290
-5.202473
-3.822452
-2.224350
-1.948520
-4.629055
-7.573442
-9.099769
-9.473395
-9.267864
-8.819538
-8.274644
-7.693909
-7.106607
-6.533554
-5.997216
-5.526316
-5.156698
-4.927824
-4.874420
-5.015675
-5.347868
-5.845517
-6.470243
-7.181483
-7.943965
-8.730687
-9.522759
-10.307877
-11.078548
-11.830590
-12.561996
-13.272145
-13.961272
-14.630116
-15.279700
-15.911186
-16.525785
-17.124707
-17.709125
-18.280160
-18.838870
-19.386253
-19.923238
-20.450695
-20.969437
-21.480224
-21.983764
-22.480724
-22.971729
-23.457368
-23.938198
-24.414748
-24.887519
-25.356992
-25.823628
-26.287871
-26.750151
-27.210885
-27.670480
-28.129338
-28.587852
-29.046415
-29.505414
-29.965240
-30.426284
-30.888942
-31.353617
-31.820717
-32.290664
-32.763890
-33.240844
-33.721990
-34.207816
-34.698830
-35.195571
-35.698604
-36.208533
-36.726001
-37.251696
-37.786357
-38.330783
-38.885840
-39.452468
-40.031698
-40.624661
-41.232604
-41.856908
-42.499114
-43.160944
-43.844342
-44.551505
-45.284944
-46.047539
-46.842626
-47.674100
-48.546556
-49.465467
-50.437443
-51.470572
-52.574920
-53.763257
-55.052161
-56.463763
-58.028639
-59.790914
-61.818007
-64.221227
-67.206220
-71.227465
-77.703520
-109.068137
-79.541074
-74.143728
-71.419227
-69.846619
-68.981131
-68.658286
