-0.000675
-0.000148
0.000395
0.000952
0.001525
0.002114
0.002719
0.003341
0.003981
0.004638
0.005314
0.006008
0.006722
0.007456
0.008210
0.008985
0.009781
0.010600
0.011442
0.012307
0.013196
0.014110
0.015050
0.016016
0.017008
0.018029
0.019077
0.020155
0.021264
0.022403
0.023573
0.024777
0.026014
0.027285
0.028592
0.029936
0.031317
0.032736
0.034196
0.035696
0.037237
0.038822
0.040452
0.042126
0.043848
0.045617
0.047437
0.049307
0.051229
0.053205
0.055236
0.057324
0.059471
0.061678
0.063946
0.066278
0.068676
0.071140
0.073674
0.076278
0.078956
0.081708
0.084538
0.087447
0.090438
0.093513
0.096674
0.099924
0.103266
0.106701
0.110232
0.113864
0.117597
0.121435
0.125381
0.129439
0.133610
0.137900
0.142310
0.146845
0.151507
0.156301
0.161231
0.166300
0.171512
0.176871
0.182382
0.188049
0.193877
0.199870
0.206032
0.212370
0.218887
0.225590
0.232482
0.239571
0.246862
0.254360
0.262072
0.270004
0.278161
0.286552
0.295183
0.304061
0.313192
0.322585
0.332247
0.342187
0.352412
0.362931
0.373753
0.384886
0.396340
0.408125
0.420250
0.432726
0.445563
0.458772
0.472364
0.486351
0.500745
0.515559
0.530804
0.546495
0.562644
0.579267
0.596377
0.613990
0.632120
0.650786
0.670002
0.689786
0.710156
0.731130
0.752728
0.774969
0.797874
0.821464
0.845760
0.870785
0.896564
0.923120
0.950478
0.978665
1.007708
1.037635
1.068476
1.100260
1.133019
1.166787
1.201595
1.237481
1.274481
1.312633
1.351975
1.392551
1.434402
1.477572
1.522110
1.568061
1.615478
1.664412
1.714918
1.767053
1.820876
1.876449
1.933837
1.993107
2.054330
2.117578
2.182928
2.250462
2.320261
2.392415
2.467014
2.544154
2.623935
2.706462
2.791843
2.880193
2.971632
3.066285
3.164281
3.265757
3.370855
3.479723
3.592516
3.709394
3.830524
3.956078
4.086234
4.221176
4.361092
4.506173
4.656614
4.812609
4.974350
5.142025
5.315813
5.495877
5.682360
5.875375
6.074995
6.281235
6.494040
6.713256
6.938610
7.169667
7.405791
7.646095
7.889377
8.134049
8.378061
8.618811
8.853070
9.076908
9.285666
9.473972
9.635848
9.764927
9.854791
9.899434
9.893783
9.834231
9.719045
9.548577
9.325228
9.053156
8.737818
8.385432
8.002466
7.595215
7.169499
6.730489
6.282629
5.829637
5.374554
4.919817
4.467341
4.018604
3.574723
3.136523
2.704593
2.279339
1.861018
1.449776
1.045670
0.648693
0.258787
-0.124142
-0.500215
-0.869569
-1.232355
-1.588729
-1.938851
-2.282881
-2.620975
-2.953289
-3.279969
-3.601160
-3.916996
-4.227606
-4.533111
-4.833625
-5.129254
-5.420095
-5.706239
-5.987767
-6.264755
-6.537268
-6.805367
-7.069103
-7.328520
-7.583655
-7.834539
-8.081192
-8.323630
-8.561861
-8.795884
-9.025691
-9.251270
-9.472596
-9.689639
-9.902361
-10.110715
-10.314646
-10.514091
-10.708976
-10.899218
-11.084726
-11.265396
-11.441114
-11.611753
-11.777177
-11.937232
-12.091754
-12.240561
-12.383455
-12.520221
-12.650624
-12.774409
-12.891298
-13.000986
-13.103143
-13.197408
-13.283387
-13.360649
-13.428721
-13.487086
-13.535176
-13.572363
-13.597958
-13.611199
-13.611241
-13.597145
-13.567868
-13.522245
-13.458973
-13.376589
-13.273450
-13.147703
-12.997259
-12.819757
-12.612533
-12.372591
-12.096580
-11.780808
-11.421309
-11.014028
-10.555246
-10.042462
-9.476136
-8.863018
-8.222158
-7.594624
-7.055632
-6.719469
-6.715357
-7.123408
-7.918511
-8.989099
-10.206738
-11.473901
-12.731984
-13.951125
-15.118639
-16.231036
-17.289364
-18.296704
-19.256878
-20.173811
-21.051233
-21.892552
-22.700822
-23.478743
-24.228690
-24.952742
-25.652716
-26.330195
-26.986560
-27.623009
-28.240581
-28.840172
-29.422555
-29.988383
-30.538209
-31.072491
-31.591597
-32.095815
-32.585353
-33.060345
-33.520852
-33.966862
-34.398291
-34.814980
-35.216696
-35.603122
-35.973859
-36.328414
-36.666192
-36.986488
-37.288471
-37.571169
-37.833446
-38.073979
-38.291226
-38.483387
-38.648352
-38.783641
-38.886324
-38.952916
-38.979243
-38.960268
-38.889854
-38.760457
-38.562697
-38.284806
-37.911891
-37.425042
-36.800501
-36.009822
-35.024557
-33.838050
-32.544653
-31.549697
-31.683935
-33.297646
-35.662664
-38.097375
-40.363467
-42.426269
-44.306812
-46.034980
-47.637686
-49.136885
-50.550061
-51.891150
-53.171393
-54.400020
-55.584773
-56.732323
-57.848598
-58.939059
-60.008960
-61.063600
-62.108601
-63.150252
-64.195952
-65.254842
-66.338745
-67.463639
-68.652099
-69.937592
-71.372589
-73.045356
-75.119336
-77.943568
-82.458429
-91.313487
-83.922547
-76.569142
-71.579227
-67.371529
-63.335614
-59.085744
-54.275287
-48.832546
-45.209011
-45.882356
-46.621489
-45.853947
-43.277903
-41.236279
-45.949244
-50.699649
-53.842743
-55.680033
-56.299873
-56.028339
-58.220870
-64.572693
-70.859476
-76.307416
-81.141101
-85.563649
-89.711445
-93.679652
-97.541000
-101.357755
-105.190656
-109.108008
-113.198723
-117.597092
-122.541664
-128.553428
-137.173279
-145.768298
-138.482126
-135.665186
-134.636051
-134.456322
-134.774228
-135.424285
-136.317780
-137.403550
-138.651254
-140.043369
-141.571105
-143.232313
-145.030559
-146.975022
-149.081147
-151.372223
-153.882354
-156.661920
-159.788024
-163.386311
-167.682943
-173.155484
-181.115233
-191.731754
-185.380140
-183.448442
-184.578130
-189.105620
-219.068658
-188.502908
-182.331268
-179.039877
-177.073916
-175.969358
-175.553058
