-0.000361
-0.000036
0.000282
0.000592
0.000891
0.001181
0.001458
0.001721
0.001969
0.002200
0.002412
0.002604
0.002773
0.002917
0.003033
0.003120
0.003173
0.003192
0.003172
0.003110
0.003003
0.002846
0.002637
0.002371
0.002043
0.001649
0.001183
0.000640
0.000015
-0.000698
-0.001506
-0.002417
-0.003436
-0.004572
-0.005832
-0.007226
-0.008763
-0.010452
-0.012303
-0.014328
-0.016537
-0.018944
-0.021560
-0.024400
-0.027477
-0.030808
-0.034407
-0.038292
-0.042481
-0.046993
-0.051847
-0.057064
-0.062666
-0.068677
-0.075121
-0.082024
-0.089412
-0.097314
-0.105760
-0.114781
-0.124410
-0.134681
-0.145631
-0.157296
-0.169716
-0.182932
-0.196988
-0.211927
-0.227798
-0.244647
-0.262526
-0.281486
-0.301583
-0.322873
-0.345413
-0.369265
-0.394489
-0.421151
-0.449315
-0.479049
-0.510423
-0.543507
-0.578374
-0.615096
-0.653749
-0.694408
-0.737150
-0.782052
-0.829192
-0.878647
-0.930495
-0.984814
-1.041680
-1.101169
-1.163356
-1.228313
-1.296112
-1.366822
-1.440508
-1.517234
-1.597059
-1.680041
-1.766232
-1.855679
-1.948426
-2.044513
-2.143972
-2.246833
-2.353118
-2.462845
-2.576025
-2.692663
-2.812761
-2.936312
-3.063303
-3.193718
-3.327532
-3.464718
-3.605240
-3.749060
-3.896132
-4.046408
-4.199835
-4.356354
-4.515905
-4.678422
-4.843839
-5.012083
-5.183082
-5.356761
-5.533043
-5.711849
-5.893101
-6.076716
-6.262616
-6.450718
-6.640943
-6.833208
-7.027433
-7.223540
-7.421449
-7.621083
-7.822364
-8.025219
-8.229573
-8.435354
-8.642492
-8.850917
-9.060562
-9.271363
-9.483256
-9.696178
-9.910070
-10.124875
-10.340535
-10.556996
-10.774206
-10.992114
-11.210670
-11.429827
-11.649539
-11.869761
-12.090451
-12.311567
-12.533069
-12.754919
-12.977078
-13.199512
-13.422184
-13.645061
-13.868110
-14.091299
-14.314597
-14.537974
-14.761401
-14.984849
-15.208289
-15.431696
-15.655042
-15.878300
-16.101446
-16.324454
-16.547298
-16.769955
-16.992400
-17.214607
-17.436554
-17.658217
-17.879571
-18.100591
-18.321255
-18.541538
-18.761415
-18.980862
-19.199854
-19.418365
-19.636371
-19.853844
-20.070758
-20.287086
-20.502801
-20.717873
-20.932274
-21.145973
-21.358939
-21.571140
-21.782545
-21.993117
-22.202823
-22.411625
-22.619485
-22.826365
-23.032223
-23.237016
-23.440699
-23.643228
-23.844552
-24.044622
-24.243383
-24.440782
-24.636758
-24.831253
-25.024200
-25.215533
-25.405181
-25.593069
-25.779118
-25.963246
-26.145364
-26.325380
-26.503197
-26.678709
-26.851807
-27.022375
-27.190287
-27.355413
-27.517612
-27.676734
-27.832619
-27.985097
-28.133984
-28.279087
-28.420193
-28.557079
-28.689501
-28.817198
-28.939888
-29.057264
-29.168996
-29.274725
-29.374060
-29.466574
-29.551801
-29.629230
-29.698301
-29.758394
-29.808826
-29.848840
-29.877591
-29.894138
-29.897424
-29.886259
-29.859294
-29.814996
-29.751611
-29.667116
-29.559167
-29.425023
-29.261454
-29.064614
-28.829877
-28.551607
-28.222842
-27.834841
-27.376420
-26.832944
-26.184744
-25.404512
-24.452748
-23.269285
-21.755938
-19.736603
-16.849527
-12.202284
-5.164006
-11.407921
-17.363483
-21.222047
-24.084199
-26.382156
-28.318499
-30.003113
-31.501918
-32.857400
-34.098429
-35.245426
-36.313276
-37.313086
-38.253280
-39.140319
-39.979179
-40.773683
-41.526732
-42.240468
-42.916386
-43.555410
-44.157942
-44.723884
-45.252638
-45.743085
-46.193533
-46.601642
-46.964305
-47.277474
-47.535914
-47.732847
-47.859423
-47.903928
-47.850549
-47.677384
-47.353054
-46.830569
-46.035276
-44.838403
-42.989135
-39.892407
-33.512157
-29.605706
-40.496208
-46.161581
-50.141256
-53.318411
-56.028165
-58.432614
-60.621862
-62.650364
-64.552492
-66.349971
-68.055648
-69.675453
-71.209422
-72.652321
-73.994253
-75.221616
-76.318623
-77.269373
-78.059996
-78.679998
-79.121809
-79.377869
-79.434892
-79.264554
-78.807549
-77.940737
-76.391313
-73.430427
-65.921808
-67.592181
-78.415312
-84.794503
-89.934915
-94.670672
-99.442139
-104.686628
-111.230552
-122.459629
-125.586622
-117.511757
-114.784617
-113.520528
-112.886136
-112.518696
-112.173245
-111.632108
-110.716968
-109.359940
-107.634056
-105.686096
-103.650420
-101.614705
-99.625376
-97.702597
-95.852024
-94.071881
-92.356785
-90.699721
-89.093016
-87.528784
-85.999096
-84.495992
-83.011399
-81.536985
-80.063954
-78.582776
-77.082842
-75.552003
-73.975983
-72.337613
-70.615916
-68.785248
-66.815439
-64.676460
-62.360201
-59.959671
-57.878954
-56.947643
-57.514927
-58.851616
-60.275117
-61.546184
-62.629238
-63.544422
-64.320739
-64.984209
-65.555876
-66.052271
-66.486318
-66.868162
-67.205819
-67.505666
-67.772809
-68.011345
-68.224566
-68.415103
-68.585034
-68.735968
-68.869098
-68.985242
-69.084871
-69.168120
-69.234794
-69.284363
-69.315952
-69.328319
-69.319841
-69.288481
-69.231772
-69.146788
-69.030129
-68.877916
-68.685793
-68.448944
-68.162127
-67.819704
-67.415677
-66.943688
-66.396964
-65.768166
-65.049080
-64.230088
-63.299293
-62.241127
-61.034102
-59.647025
-58.032227
-56.112332
-53.751261
-50.680047
-46.261534
-38.681359
-38.104173
-45.317152
-49.293143
-51.897720
-53.792864
-55.258239
-56.436554
-57.410241
-58.231180
-58.934118
-59.543459
-60.076982
-60.548031
-60.966866
-61.341534
-61.678456
-61.982827
-62.258904
-62.510214
-62.739704
-62.949861
-63.142797
-63.320316
-63.483971
-63.635105
-63.774883
-63.904322
-64.024312
-64.135636
-64.238982
-64.334957
-64.424099
-64.506883
-64.583730
-64.655013
-64.721062
-64.782168
-64.838587
-64.890543
-64.938230
-64.981817
-65.021444
-65.057228
-65.089262
-65.117618
-65.142341
-65.163456
-65.180964
-65.194840
-65.205035
-65.211470
-65.214036
