-0.005589
-0.005224
-0.004848
-0.004462
-0.004066
-0.003658
-0.003239
-0.002808
-0.002365
-0.001911
-0.001443
-0.000962
-0.000468
0.000040
0.000562
0.001098
0.001649
0.002216
0.002799
0.003397
0.004013
0.004645
0.005295
0.005964
0.006650
0.007356
0.008082
0.008828
0.009595
0.010383
0.011192
0.012025
0.012881
0.013760
0.014664
0.015593
0.016549
0.017530
0.018539
0.019577
0.020643
0.021739
0.022865
0.024023
0.025213
0.026436
0.027694
0.028986
0.030315
0.031681
0.033085
0.034527
0.036011
0.037535
0.039103
0.040714
0.042370
0.044072
0.045822
0.047620
0.049469
0.051370
0.053324
0.055332
0.057396
0.059519
0.061700
0.063943
0.066248
0.068618
0.071054
0.073559
0.076134
0.078780
0.081501
0.084298
0.087174
0.090130
0.093169
0.096293
0.099505
0.102807
0.106202
0.109692
0.113280
0.116969
0.120761
0.124661
0.128670
0.132791
0.137029
0.141386
0.145865
0.150471
0.155207
0.160076
0.165082
0.170230
0.175523
0.180965
0.186561
0.192316
0.198233
0.204317
0.210574
0.217007
0.223624
0.230427
0.237424
0.244619
0.252019
0.259628
0.267455
0.275503
0.283781
0.292295
0.301051
0.310057
0.319321
0.328848
0.338649
0.348729
0.359098
0.369764
0.380737
0.392024
0.403635
0.415580
0.427869
0.440512
0.453520
0.466903
0.480673
0.494841
0.509419
0.524420
0.539856
0.555740
0.572087
0.588910
0.606223
0.624042
0.642382
0.661259
0.680689
0.700689
0.721278
0.742473
0.764292
0.786756
0.809885
0.833699
0.858219
0.883469
0.909470
0.936247
0.963824
0.992227
1.021482
1.051616
1.082657
1.114635
1.147580
1.181522
1.216495
1.252532
1.289668
1.327938
1.367380
1.408032
1.449935
1.493130
1.537659
1.583567
1.630899
1.679705
1.730032
1.781931
1.835456
1.890662
1.947603
2.006340
2.066932
2.129441
2.193932
2.260471
2.329127
2.399968
2.473068
2.548501
2.626341
2.706668
2.789558
2.875093
2.963352
3.054418
3.148371
3.245294
3.345264
3.448360
3.554656
3.664221
3.777120
3.893407
4.013129
4.136318
4.262989
4.393138
4.526737
4.663726
4.804009
4.947443
5.093833
5.242921
5.394370
5.547754
5.702539
5.858069
6.013544
6.168003
6.320298
6.469081
6.612783
6.749601
6.877496
6.994200
7.097238
7.183969
7.251653
7.297537
7.318966
7.313506
7.279079
7.214086
7.117514
6.989007
6.828887
6.638136
6.418328
6.171523
5.900142
5.606839
5.294370
4.965488
4.622845
4.268936
3.906049
3.536243
3.161342
2.782936
2.402393
2.020879
1.639371
1.258687
0.879496
0.502347
0.127679
-0.244161
-0.612903
-0.978339
-1.340319
-1.698738
-2.053526
-2.404645
-2.752085
-3.095851
-3.435970
-3.772478
-4.105425
-4.434865
-4.760863
-5.083484
-5.402800
-5.718882
-6.031805
-6.341644
-6.648474
-6.952367
-7.253398
-7.551640
-7.847161
-8.140033
-8.430323
-8.718097
-9.003418
-9.286349
-9.566950
-9.845281
-10.121396
-10.395352
-10.667200
-10.936993
-11.204780
-11.470608
-11.734523
-11.996572
-12.256796
-12.515237
-12.771936
-13.026933
-13.280264
-13.531968
-13.782079
-14.030633
-14.277662
-14.523201
-14.767280
-15.009931
-15.251185
-15.491071
-15.729619
-15.966857
-16.202814
-16.437517
-16.670993
-16.903270
-17.134373
-17.364331
-17.593169
-17.820913
-18.047589
-18.273224
-18.497843
-18.721473
-18.944139
-19.165869
-19.386689
-19.606626
-19.825706
-20.043958
-20.261409
-20.478087
-20.694022
-20.909241
-21.123776
-21.337655
-21.550911
-21.763575
-21.975678
-22.187254
-22.398336
-22.608959
-22.819158
-23.028970
-23.238430
-23.447577
-23.656449
-23.865085
-24.073527
-24.281814
-24.489988
-24.698093
-24.906172
-25.114267
-25.322424
-25.530687
-25.739101
-25.947711
-26.156561
-26.365694
-26.575153
-26.784980
-26.995214
-27.205891
-27.417043
-27.628699
-27.840880
-28.053603
-28.266872
-28.480682
-28.695015
-28.909837
-29.125091
-29.340701
-29.556558
-29.772520
-29.988404
-30.203978
-30.418950
-30.632961
-30.845567
-31.056231
-31.264302
-31.468997
-31.669385
-31.864362
-32.052630
-32.232675
-32.402749
-32.560853
-32.704727
-32.831857
-32.939486
-33.024654
-33.084253
-33.115105
-33.114072
-33.078169
-33.004697
-32.891365
-32.736399
-32.538610
-32.297418
-32.012832
-31.685370
-31.315944
-30.905713
-30.455926
-29.967754
-29.442135
-28.879630
-28.280282
-27.643488
-26.967858
-26.251064
-25.489643
-24.678745
-23.811787
-22.879950
-21.871466
-20.770562
-19.555895
-18.198268
-16.657489
-14.879265
-12.798701
-10.387165
-7.913948
-6.660311
-7.891870
-10.282851
-12.595609
-14.583218
-16.280399
-17.755028
-19.064371
-20.252223
-21.352207
-22.391037
-23.390927
-24.371211
-25.349268
-26.340557
-27.357057
-28.402162
-29.457630
-30.454451
-31.223339
-31.468815
-30.906214
-29.534207
-27.624501
-25.445753
-23.134197
-20.719450
-18.167349
-15.397533
-12.277168
-8.600314
-4.164658
-0.145877
-0.994490
-3.869620
-6.021144
-7.439447
-8.319873
-8.778306
-8.864760
-8.581302
-7.892222
-6.749601
-5.244721
-4.238254
-5.479585
-8.324152
-10.990622
-12.911133
-14.046740
-14.484074
-14.331795
-13.673837
-12.547399
-10.949712
-8.921115
-6.945387
-6.651689
-8.678065
-11.292493
-13.562235
-15.343142
-16.645563
-17.479473
-17.882924
-18.196738
-19.748056
-23.701386
-28.732816
-33.677917
-38.302565
-42.641586
-46.784476
-50.868399
-55.138234
-60.105993
-67.258770
-99.097410
-69.898185
-64.725265
-62.151808
-60.676717
-59.867439
-59.565925
