0.045552
0.047325
0.049146
0.051017
0.052939
0.054914
0.056942
0.059027
0.061168
0.063367
0.065627
0.067949
0.070334
0.072784
0.075300
0.077886
0.080541
0.083269
0.086071
0.088950
0.091906
0.094943
0.098062
0.101266
0.104556
0.107936
0.111407
0.114972
0.118633
0.122394
0.126255
0.130221
0.134294
0.138476
0.142770
0.147180
0.151709
0.156358
0.161133
0.166035
0.171068
0.176236
0.181541
0.186988
0.192580
0.198320
0.204214
0.210263
0.216472
0.222846
0.229389
0.236104
0.242995
0.250069
0.257328
0.264777
0.272422
0.280267
0.288316
0.296576
0.305050
0.313745
0.322665
0.331816
0.341203
0.350833
0.360711
0.370842
0.381233
0.391890
0.402819
0.414026
0.425519
0.437302
0.449384
0.461771
0.474469
0.487487
0.500830
0.514507
0.528525
0.542890
0.557612
0.572697
0.588154
0.603991
0.620215
0.636835
0.653859
0.671296
0.689154
0.707442
0.726169
0.745344
0.764976
0.785073
0.805646
0.826703
0.848254
0.870309
0.892876
0.915967
0.939591
0.963757
0.988476
1.013757
1.039612
1.066050
1.093082
1.120717
1.148968
1.177843
1.207355
1.237512
1.268327
1.299810
1.331972
1.364824
1.398377
1.432642
1.467629
1.503351
1.539818
1.577042
1.615033
1.653804
1.693365
1.733728
1.774905
1.816907
1.859745
1.903431
1.947977
1.993395
2.039697
2.086894
2.134999
2.184023
2.233980
2.284880
2.336738
2.389566
2.443375
2.498181
2.553995
2.610832
2.668705
2.727629
2.787617
2.848685
2.910848
2.974121
3.038520
3.104063
3.170766
3.238647
3.307724
3.378018
3.449548
3.522334
3.596399
3.671767
3.748460
3.826504
3.905926
3.986755
4.069019
4.152750
4.237982
4.324750
4.413091
4.503045
4.594655
4.687966
4.783025
4.879885
4.978600
5.079229
5.181834
5.286484
5.393250
5.502210
5.613447
5.727051
5.843118
5.961752
6.083065
6.207177
6.334220
6.464334
6.597672
6.734401
6.874699
7.018762
7.166803
7.319053
7.475764
7.637214
7.803705
7.975567
8.153165
8.336900
8.527215
8.724598
8.929593
9.142802
9.364897
9.596630
9.838845
10.092491
10.358642
10.638518
10.933508
11.245209
11.575458
11.926391
12.300499
12.700720
13.130539
13.594135
14.096577
14.644084
15.244397
15.907315
16.645479
17.475568
18.420185
19.510962
20.793915
22.339157
24.259282
26.742930
30.076726
34.001189
33.786648
29.581787
26.006874
23.277146
21.108041
19.314142
17.785114
16.452545
15.271850
14.212700
13.253743
12.379532
11.578651
10.842518
10.164596
9.539841
8.964311
8.434881
7.949026
7.504645
7.099939
6.733302
6.403238
6.108311
5.847092
5.618138
5.419976
5.251100
5.109975
4.995056
4.904794
4.837663
4.792177
4.766905
4.760492
4.771670
4.799269
4.842230
4.899607
4.970575
5.054432
5.150601
5.258636
5.378219
5.509165
5.651430
5.805113
5.970464
6.147900
6.338019
6.541616
6.759719
6.993613
7.244891
7.515506
7.807835
8.124773
8.469825
8.847232
9.262106
9.720551
10.229741
10.797816
11.433326
12.143571
12.930380
13.780241
14.643476
15.399183
15.829306
15.688689
14.906369
13.669888
12.250855
10.844752
9.552990
8.417724
7.450101
6.645122
5.988927
5.462864
5.046295
4.718654
4.460879
4.256210
4.090502
3.952176
3.831992
3.722724
3.618842
3.516216
3.411872
3.303790
3.190764
3.072296
2.948540
2.820291
2.689029
2.557030
2.427580
2.305328
2.196888
2.111814
2.064236
2.075632
2.179630
2.430510
2.918700
3.800294
5.359658
8.181620
13.937322
25.524901
12.259292
7.132926
4.295504
2.461970
1.166502
0.188382
-0.590953
-1.240030
-1.800543
-2.298905
-2.752431
-3.172808
-3.568130
-3.944138
-4.304982
-4.653723
-4.992655
-5.323525
-5.647680
-5.966177
-6.279851
-6.589369
-6.895276
-7.198014
-7.497950
-7.795390
-8.090591
-8.383773
-8.675123
-8.964803
-9.252954
-9.539701
-9.825153
-10.109408
-10.392554
-10.674670
-10.955828
-11.236094
-11.515529
-11.794188
-12.072124
-12.349385
-12.626016
-12.902061
-13.177559
-13.452548
-13.727065
-14.001145
-14.274818
-14.548118
-14.821073
-15.093712
-15.366062
-15.638149
-15.909996
-16.181629
-16.453069
-16.724336
-16.995451
-17.266433
-17.537297
-17.808061
-18.078737
-18.349339
-18.619876
-18.890359
-19.160793
-19.431183
-19.701530
-19.971832
-20.242085
-20.512279
-20.782403
-21.052437
-21.322359
-21.592138
-21.861736
-22.131109
-22.400200
-22.668941
-22.937253
-23.205039
-23.472184
-23.738553
-24.003984
-24.268285
-24.531230
-24.792546
-25.051911
-25.308941
-25.563172
-25.814049
-26.060901
-26.302911
-26.539087
-26.768203
-26.988750
-27.198841
-27.396108
-27.577540
-27.739275
-27.876298
-27.982000
-28.047545
-28.060899
-28.005335
-27.857020
-27.580949
-27.123682
-26.399235
-25.258299
-23.408060
-20.133018
-12.501858
-9.831789
-21.285582
-26.440217
-29.770435
-32.155182
-33.947514
-35.341327
-36.460971
-37.391315
-38.191373
-38.902359
-39.553141
-40.164069
-40.749651
-41.320391
-41.884054
-42.446533
-43.012443
-43.585532
-44.168979
-44.765598
-45.378001
-46.008719
-46.660304
-47.335421
-48.036934
-48.767997
-49.532154
-50.333461
-51.176637
-52.067254
-53.011993
-54.019002
-55.098393
-56.262972
-57.529347
-58.919674
-60.464550
-62.208120
-64.217821
-66.604984
-69.575273
-73.583187
-80.047311
-111.401423
-81.865314
-76.460413
-73.729890
-72.152838
-71.284536
-70.960567
