-0.017511
-0.017733
-0.017961
-0.018195
-0.018436
-0.018684
-0.018938
-0.019200
-0.019469
-0.019745
-0.020029
-0.020321
-0.020621
-0.020930
-0.021247
-0.021573
-0.021908
-0.022252
-0.022606
-0.022970
-0.023344
-0.023728
-0.024124
-0.024530
-0.024947
-0.025376
-0.025817
-0.026271
-0.026737
-0.027215
-0.027708
-0.028214
-0.028734
-0.029269
-0.029818
-0.030383
-0.030964
-0.031561
-0.032174
-0.032805
-0.033454
-0.034120
-0.034805
-0.035509
-0.036233
-0.036977
-0.037742
-0.038528
-0.039337
-0.040167
-0.041022
-0.041900
-0.042802
-0.043730
-0.044684
-0.045664
-0.046672
-0.047708
-0.048773
-0.049868
-0.050994
-0.052151
-0.053341
-0.054564
-0.055821
-0.057114
-0.058442
-0.059809
-0.061213
-0.062657
-0.064141
-0.065667
-0.067237
-0.068850
-0.070508
-0.072213
-0.073966
-0.075769
-0.077622
-0.079527
-0.081487
-0.083501
-0.085572
-0.087701
-0.089891
-0.092142
-0.094457
-0.096837
-0.099285
-0.101802
-0.104390
-0.107051
-0.109787
-0.112601
-0.115495
-0.118470
-0.121530
-0.124677
-0.127913
-0.131241
-0.134663
-0.138183
-0.141803
-0.145526
-0.149355
-0.153293
-0.157343
-0.161509
-0.165793
-0.170200
-0.174733
-0.179395
-0.184191
-0.189123
-0.194198
-0.199417
-0.204786
-0.210309
-0.215991
-0.221836
-0.227849
-0.234035
-0.240399
-0.246947
-0.253683
-0.260613
-0.267744
-0.275080
-0.282628
-0.290395
-0.298387
-0.306610
-0.315071
-0.323778
-0.332737
-0.341957
-0.351444
-0.361208
-0.371256
-0.381596
-0.392237
-0.403189
-0.414460
-0.426060
-0.438000
-0.450287
-0.462935
-0.475952
-0.489350
-0.503141
-0.517335
-0.531946
-0.546984
-0.562464
-0.578398
-0.594799
-0.611682
-0.629060
-0.646948
-0.665361
-0.684315
-0.703825
-0.723907
-0.744579
-0.765857
-0.787759
-0.810302
-0.833506
-0.857389
-0.881971
-0.907271
-0.933309
-0.960108
-0.987686
-1.016068
-1.045273
-1.075327
-1.106250
-1.138067
-1.170803
-1.204481
-1.239126
-1.274765
-1.311421
-1.349123
-1.387896
-1.427768
-1.468765
-1.510915
-1.554247
-1.598789
-1.644569
-1.691616
-1.739959
-1.789627
-1.840650
-1.893057
-1.946877
-2.002140
-2.058876
-2.117115
-2.176884
-2.238215
-2.301135
-2.365674
-2.431860
-2.499722
-2.569287
-2.640582
-2.713635
-2.788471
-2.865117
-2.943598
-3.023938
-3.106160
-3.190289
-3.276345
-3.364351
-3.454326
-3.546291
-3.640264
-3.736262
-3.834304
-3.934403
-4.036576
-4.140837
-4.247198
-4.355672
-4.466270
-4.579003
-4.693881
-4.810914
-4.930109
-5.051475
-5.175020
-5.300752
-5.428678
-5.558805
-5.691142
-5.825696
-5.962476
-6.101491
-6.242752
-6.386270
-6.532059
-6.680132
-6.830508
-6.983205
-7.138246
-7.295655
-7.455463
-7.617700
-7.782405
-7.949618
-8.119388
-8.291767
-8.466814
-8.644595
-8.825183
-9.008661
-9.195118
-9.384653
-9.577374
-9.773402
-9.972865
-10.175905
-10.382675
-10.593339
-10.808076
-11.027075
-11.250540
-11.478687
-11.711744
-11.949951
-12.193561
-12.442837
-12.698050
-12.959481
-13.227416
-13.502146
-13.783964
-14.073162
-14.370027
-14.674840
-14.987871
-15.309378
-15.639598
-15.978750
-16.327026
-16.684592
-17.051583
-17.428102
-17.814218
-18.209963
-18.615337
-19.030305
-19.454799
-19.888722
-20.331953
-20.784352
-21.245761
-21.716020
-22.194967
-22.682452
-23.178344
-23.682545
-24.195000
-24.715709
-25.244742
-25.782254
-26.328497
-26.883842
-27.448788
-28.023986
-28.610253
-29.208591
-29.820201
-30.446507
-31.089162
-31.750066
-32.431370
-33.135486
-33.865081
-34.623071
-35.412606
-36.237049
-37.099947
-38.005000
-38.956029
-39.956944
-41.011727
-42.124424
-43.299162
-44.540201
-45.852021
-47.239479
-48.708060
-50.264286
-51.916425
-53.675742
-55.558812
-57.591936
-59.819939
-62.324798
-65.269645
-69.025076
-74.692381
-90.376011
-78.920353
-72.039502
-68.354132
-65.849617
-63.988967
-62.560883
-61.467069
-60.656742
-60.100273
-59.776740
-59.667731
-59.754614
-60.017857
-60.437409
-60.993371
-61.666469
-62.438098
-63.289945
-64.203243
-65.157690
-66.129760
-67.089610
-67.994938
-68.780048
-69.342405
-69.542900
-69.250782
-68.428980
-67.171559
-65.640291
-63.980620
-62.288698
-60.617638
-58.993051
-57.425178
-55.916233
-54.464439
-53.066167
-51.717054
-50.412581
-49.148381
-47.920393
-46.724957
-45.558865
-44.419420
-43.304496
-42.212619
-41.143078
-40.096066
-39.072859
-38.076024
-37.109638
-36.179476
-35.293108
-34.459795
-33.690077
-32.994955
-32.384654
-31.867133
-31.446681
-31.123004
-30.891140
-30.742207
-30.664740
-30.646181
-30.674164
-30.737406
-30.826174
-30.932424
-31.049707
-31.172981
-31.298361
-31.422885
-31.544301
-31.660882
-31.771280
-31.874404
-31.969321
-32.055177
-32.131132
-32.196301
-32.249708
-32.290235
-32.316584
-32.327232
-32.320391
-32.293965
-32.245512
-32.172209
-32.070818
-31.937665
-31.768632
-31.559154
-31.304250
-30.998559
-30.636399
-30.211833
-29.718733
-29.150836
-28.501772
-27.765082
-26.934266
-26.002977
-24.965654
-23.819234
-22.567318
-21.229563
-19.860761
-18.581514
-17.599151
-17.146458
-17.308860
-17.941262
-18.808598
-19.734064
-20.625408
-21.445690
-22.185566
-22.847585
-23.438694
-23.966927
-24.440048
-24.865055
-25.248065
-25.594348
-25.908413
-26.194120
-26.454766
-26.693183
-26.911804
-27.112729
-27.297777
-27.468529
-27.626362
-27.772481
-27.907944
-28.033681
-28.150514
-28.259169
-28.360290
-28.454448
-28.542152
-28.623853
-28.699956
-28.770821
-28.836766
-28.898078
-28.955009
-29.007783
-29.056599
-29.101630
-29.143026
-29.180916
-29.215408
-29.246593
-29.274541
-29.299302
-29.320910
-29.339378
-29.354700
-29.366850
-29.375780
-29.381418
-29.383666
