-0.017130
-0.017107
-0.017084
-0.017060
-0.017035
-0.017010
-0.016984
-0.016958
-0.016930
-0.016902
-0.016873
-0.016844
-0.016813
-0.016782
-0.016749
-0.016716
-0.016682
-0.016647
-0.016611
-0.016574
-0.016536
-0.016497
-0.016457
-0.016416
-0.016373
-0.016330
-0.016285
-0.016239
-0.016191
-0.016143
-0.016093
-0.016041
-0.015989
-0.015934
-0.015878
-0.015821
-0.015762
-0.015702
-0.015639
-0.015575
-0.015510
-0.015442
-0.015372
-0.015301
-0.015228
-0.015152
-0.015075
-0.014995
-0.014913
-0.014829
-0.014742
-0.014653
-0.014562
-0.014468
-0.014371
-0.014272
-0.014170
-0.014065
-0.013958
-0.013847
-0.013733
-0.013616
-0.013496
-0.013372
-0.013245
-0.013114
-0.012980
-0.012842
-0.012701
-0.012555
-0.012405
-0.012251
-0.012093
-0.011930
-0.011763
-0.011592
-0.011415
-0.011234
-0.011047
-0.010855
-0.010658
-0.010456
-0.010248
-0.010034
-0.009814
-0.009588
-0.009356
-0.009117
-0.008872
-0.008619
-0.008360
-0.008094
-0.007820
-0.007539
-0.007249
-0.006952
-0.006646
-0.006332
-0.006010
-0.005678
-0.005337
-0.004986
-0.004626
-0.004256
-0.003875
-0.003484
-0.003082
-0.002668
-0.002244
-0.001807
-0.001358
-0.000897
-0.000423
0.000064
0.000565
0.001080
0.001609
0.002153
0.002712
0.003287
0.003877
0.004484
0.005108
0.005750
0.006409
0.007086
0.007783
0.008499
0.009235
0.009991
0.010768
0.011567
0.012389
0.013233
0.014101
0.014993
0.015909
0.016852
0.017820
0.018816
0.019839
0.020891
0.021973
0.023084
0.024227
0.025401
0.026609
0.027849
0.029125
0.030436
0.031784
0.033169
0.034594
0.036058
0.037562
0.039109
0.040699
0.042334
0.044014
0.045742
0.047517
0.049343
0.051219
0.053148
0.055131
0.057169
0.059265
0.061419
0.063633
0.065910
0.068250
0.070656
0.073130
0.075673
0.078287
0.080975
0.083738
0.086578
0.089499
0.092501
0.095588
0.098762
0.102024
0.105379
0.108828
0.112374
0.116020
0.119769
0.123624
0.127587
0.131662
0.135852
0.140160
0.144590
0.149145
0.153828
0.158645
0.163597
0.168690
0.173927
0.179312
0.184850
0.190546
0.196402
0.202426
0.208620
0.214991
0.221543
0.228281
0.235212
0.242340
0.249671
0.257212
0.264969
0.272947
0.281153
0.289595
0.298279
0.307212
0.316402
0.325855
0.335581
0.345587
0.355882
0.366473
0.377371
0.388584
0.400122
0.411994
0.424210
0.436782
0.449720
0.463034
0.476737
0.490840
0.505356
0.520297
0.535677
0.551508
0.567806
0.584583
0.601856
0.619640
0.637951
0.656806
0.676220
0.696214
0.716804
0.738010
0.759852
0.782349
0.805524
0.829398
0.853993
0.879334
0.905445
0.932351
0.960079
0.988656
1.018110
1.048470
1.079768
1.112035
1.145304
1.179609
1.214986
1.251472
1.289106
1.327928
1.367980
1.409305
1.451949
1.495958
1.541383
1.588275
1.636686
1.686674
1.738296
1.791614
1.846691
1.903593
1.962390
2.023155
2.085963
2.150895
2.218033
2.287464
2.359279
2.433574
2.510449
2.590008
2.672361
2.757623
2.845914
2.937361
3.032095
3.130254
3.231984
3.337436
3.446768
3.560146
3.677741
3.799733
3.926309
4.057661
4.193990
4.335499
4.482399
4.634903
4.793224
4.957575
5.128164
5.305189
5.488834
5.679257
5.876583
6.080893
6.292201
6.510437
6.735418
6.966814
7.204106
7.446531
7.693019
7.942116
8.191894
8.439853
8.682824
8.916865
9.137204
9.338213
9.513488
9.656037
9.758628
9.814290
9.816927
9.761970
9.646920
9.471677
9.238552
8.951966
8.617915
8.243330
7.835448
7.401303
6.947367
6.479342
6.002082
5.519602
5.035144
4.551267
4.069952
3.592697
3.120611
2.654490
2.194883
1.742143
1.296476
0.857972
0.426634
0.002403
-0.414831
-0.825210
-1.228898
-1.626076
-2.016933
-2.401662
-2.780457
-3.153508
-3.521002
-3.883119
-4.240032
-4.591906
-4.938894
-5.281145
-5.618794
-5.951967
-6.280781
-6.605342
-6.925745
-7.242074
-7.554404
-7.862797
-8.167304
-8.467964
-8.764805
-9.057842
-9.347074
-9.632488
-9.914058
-10.191737
-10.465464
-10.735158
-11.000718
-11.262020
-11.518913
-11.771219
-12.018730
-12.261200
-12.498344
-12.729828
-12.955270
-13.174222
-13.386166
-13.590502
-13.786530
-13.973434
-14.150260
-14.315887
-14.468990
-14.607999
-14.731039
-14.835854
-14.919714
-14.979281
-15.010435
-15.008035
-14.965589
-14.874786
-14.724827
-14.501453
-14.185538
-13.751069
-13.162532
-12.372790
-11.328355
-10.017193
-8.709765
-8.573222
-10.809538
-14.322655
-17.926893
-21.362669
-24.687218
-28.027633
-31.549309
-35.491610
-40.234931
-45.867206
-47.097318
-43.319426
-40.331927
-38.183768
-36.480366
-34.962895
-33.433023
-31.690783
-29.521229
-27.117099
-27.478292
-32.187769
-37.389280
-42.261642
-47.074935
-52.198431
-58.131399
-65.847532
-78.727959
-86.771178
-75.817744
-66.549365
-59.685406
-54.189757
-49.229542
-44.153923
-38.462726
-35.408672
-39.226128
-43.214634
-46.598015
-49.920906
-53.729837
-58.301722
-59.011577
-53.902159
-49.148666
-44.881025
-40.580529
-36.897763
-37.809559
-41.784867
-45.751276
-49.680697
-54.090008
-59.079640
-59.153351
-54.356897
-50.219542
-46.934886
-45.081145
-46.009647
-49.162725
-53.226868
-58.026391
-63.706045
-65.852866
-62.232076
-59.180999
-57.068610
-55.535508
-54.369439
-53.452464
-52.715176
-52.114280
-51.621490
-51.217704
-50.889757
-50.628540
-50.427875
-50.283827
-50.194316
-50.158917
