0.078535
0.081069
0.083673
0.086347
0.089095
0.091917
0.094817
0.097795
0.100855
0.103998
0.107226
0.110543
0.113949
0.117448
0.121042
0.124734
0.128526
0.132420
0.136420
0.140528
0.144747
0.149081
0.153531
0.158101
0.162795
0.167615
0.172564
0.177647
0.182866
0.188226
0.193729
0.199379
0.205181
0.211138
0.217254
0.223533
0.229980
0.236598
0.243392
0.250367
0.257527
0.264876
0.272420
0.280163
0.288110
0.296267
0.304639
0.313231
0.322048
0.331096
0.340381
0.349909
0.359685
0.369715
0.380006
0.390564
0.401396
0.412507
0.423905
0.435597
0.447589
0.459889
0.472504
0.485441
0.498707
0.512311
0.526260
0.540562
0.555225
0.570258
0.585668
0.601465
0.617657
0.634252
0.651259
0.668689
0.686549
0.704850
0.723600
0.742810
0.762490
0.782648
0.803296
0.824443
0.846100
0.868277
0.890985
0.914235
0.938038
0.962404
0.987345
1.012872
1.038997
1.065731
1.093085
1.121072
1.149703
1.178990
1.208946
1.239582
1.270911
1.302946
1.335698
1.369180
1.403405
1.438387
1.474136
1.510667
1.547993
1.586126
1.625079
1.664867
1.705501
1.746996
1.789364
1.832619
1.876775
1.921844
1.967841
2.014779
2.062672
2.111533
2.161376
2.212214
2.264062
2.316934
2.370842
2.425801
2.481825
2.538928
2.597123
2.656426
2.716849
2.778408
2.841116
2.904987
2.970037
3.036280
3.103730
3.172402
3.242310
3.313471
3.385899
3.459609
3.534617
3.610939
3.688591
3.767589
3.847950
3.929689
4.012826
4.097377
4.183359
4.270793
4.359695
4.450087
4.541987
4.635416
4.730395
4.826947
4.925092
5.024856
5.126262
5.229334
5.334100
5.440586
5.548820
5.658832
5.770653
5.884313
5.999847
6.117290
6.236678
6.358049
6.481445
6.606906
6.734478
6.864208
6.996143
7.130337
7.266843
7.405719
7.547027
7.690829
7.837193
7.986192
8.137901
8.292400
8.449775
8.610116
8.773519
8.940086
9.109926
9.283153
9.459892
9.640272
9.824435
10.012530
10.204718
10.401169
10.602069
10.807615
11.018019
11.233511
11.454338
11.680766
11.913084
12.151605
12.396670
12.648647
12.907942
13.174993
13.450286
13.734351
14.027771
14.331195
14.645337
14.970993
15.309053
15.660511
16.026489
16.408250
16.807234
17.225081
17.663678
18.125201
18.612186
19.127606
19.674973
20.258482
20.883185
21.555240
22.282248
23.073713
23.941702
24.901772
25.974292
27.186275
28.573612
30.182504
32.063422
34.226420
36.433969
37.686982
36.834312
34.704441
32.484505
30.529272
28.854912
27.413298
26.156226
25.045581
24.052605
23.155644
22.338214
21.587572
20.893713
20.248659
19.645965
19.080353
18.547457
18.043620
17.565757
17.111240
16.677814
16.263528
15.866687
15.485806
15.119579
14.766852
14.426598
14.097901
13.779942
13.471983
13.173360
12.883469
12.601764
12.327748
12.060966
11.801003
11.547477
11.300039
11.058365
10.822158
10.591142
10.365063
10.143685
9.926788
9.714169
9.505636
9.301014
9.100137
8.902851
8.709012
8.518483
8.331140
8.146864
7.965543
7.787073
7.611358
7.438304
7.267827
7.099844
6.934281
6.771065
6.610131
6.451414
6.294858
6.140405
5.988005
5.837609
5.689173
5.542653
5.398011
5.255210
5.114216
4.974998
4.837528
4.701778
4.567724
4.435344
4.304619
4.175531
4.048063
3.922202
3.797936
3.675255
3.554151
3.434618
3.316651
3.200247
3.085406
2.972128
2.860416
2.750275
2.641711
2.534731
2.429346
2.325566
2.223406
2.122881
2.024008
1.926806
1.831296
1.737501
1.645446
1.555160
1.466670
1.380010
1.295213
1.212316
1.131359
1.052382
0.975431
0.900554
0.827801
0.757227
0.688887
0.622845
0.559163
0.497911
0.439163
0.382995
0.329490
0.278736
0.230825
0.185858
0.143940
0.105183
0.069707
0.037639
0.009117
-0.015714
-0.036697
-0.053667
-0.066442
-0.074832
-0.078628
-0.077607
-0.071530
-0.060136
-0.043144
-0.020248
0.008883
0.044610
0.087327
0.137467
0.195502
0.261953
0.337393
0.422459
0.517857
0.624371
0.742882
0.874376
1.019968
1.180920
1.358669
1.554865
1.771405
2.010495
2.274712
2.567097
2.891265
3.251567
3.653294
4.102967
4.608754
5.181057
5.833410
6.583855
7.457165
8.488600
9.730649
11.265955
13.234146
15.890706
19.704121
24.367067
22.130642
17.035444
13.319516
10.526939
8.291435
6.418671
4.798791
3.364718
2.072829
0.893330
-0.194921
-1.207362
-2.155513
-3.048087
-3.891715
-4.691421
-5.450944
-6.172951
-6.859174
-7.510490
-8.126961
-8.707838
-9.251532
-9.755559
-10.216460
-10.629689
-10.989474
-11.288640
-11.518372
-11.667892
-11.723988
-11.670264
-11.485904
-11.143510
-10.605171
-9.814894
-8.682862
-7.048732
-4.579195
-0.381749
9.476150
3.905910
-4.106018
-8.689610
-12.020045
-14.714738
-17.034215
-19.105442
-20.966050
-22.498496
-23.122757
-21.136487
-12.961581
-9.156888
-18.740889
-22.740553
-25.261416
-26.929102
-27.547279
-26.374271
-22.520236
-13.706173
-10.772447
-20.229500
-24.594615
-27.687435
-30.420222
-33.270963
-36.747911
-41.941362
-55.193490
-47.145599
-39.610460
-35.673814
-33.019486
-31.046371
-29.507450
-28.275714
-27.275543
-26.456814
-25.783610
-25.228780
-24.771117
-24.393760
-24.083215
-23.828679
-23.621554
-23.455076
-23.324021
-23.224486
-23.153733
-23.110086
-23.092896
