-0.015279
-0.015489
-0.015704
-0.015925
-0.016153
-0.016386
-0.016627
-0.016874
-0.017127
-0.017388
-0.017656
-0.017932
-0.018215
-0.018507
-0.018806
-0.019114
-0.019430
-0.019755
-0.020089
-0.020432
-0.020785
-0.021148
-0.021521
-0.021904
-0.022298
-0.022703
-0.023119
-0.023547
-0.023987
-0.024439
-0.024904
-0.025382
-0.025873
-0.026377
-0.026896
-0.027429
-0.027978
-0.028541
-0.029120
-0.029716
-0.030328
-0.030957
-0.031603
-0.032268
-0.032951
-0.033654
-0.034376
-0.035118
-0.035881
-0.036666
-0.037472
-0.038301
-0.039153
-0.040029
-0.040929
-0.041855
-0.042806
-0.043785
-0.044790
-0.045824
-0.046887
-0.047979
-0.049103
-0.050257
-0.051444
-0.052665
-0.053920
-0.055210
-0.056536
-0.057899
-0.059301
-0.060742
-0.062224
-0.063747
-0.065313
-0.066924
-0.068579
-0.070281
-0.072032
-0.073831
-0.075681
-0.077584
-0.079540
-0.081551
-0.083619
-0.085746
-0.087933
-0.090181
-0.092493
-0.094870
-0.097315
-0.099829
-0.102414
-0.105073
-0.107807
-0.110618
-0.113509
-0.116482
-0.119540
-0.122685
-0.125919
-0.129245
-0.132666
-0.136184
-0.139803
-0.143525
-0.147353
-0.151290
-0.155340
-0.159506
-0.163791
-0.168198
-0.172732
-0.177396
-0.182193
-0.187128
-0.192205
-0.197428
-0.202801
-0.208328
-0.214015
-0.219866
-0.225885
-0.232078
-0.238450
-0.245006
-0.251752
-0.258693
-0.265835
-0.273183
-0.280746
-0.288527
-0.296535
-0.304775
-0.313255
-0.321982
-0.330963
-0.340206
-0.349718
-0.359508
-0.369584
-0.379954
-0.390628
-0.401614
-0.412922
-0.424561
-0.436541
-0.448872
-0.461566
-0.474631
-0.488081
-0.501926
-0.516177
-0.530848
-0.545950
-0.561496
-0.577500
-0.593974
-0.610934
-0.628392
-0.646364
-0.664865
-0.683910
-0.703516
-0.723697
-0.744472
-0.765857
-0.787870
-0.810528
-0.833851
-0.857857
-0.882565
-0.907995
-0.934167
-0.961103
-0.988822
-1.017347
-1.046699
-1.076901
-1.107975
-1.139946
-1.172835
-1.206668
-1.241469
-1.277262
-1.314072
-1.351926
-1.390849
-1.430866
-1.472004
-1.514290
-1.557750
-1.602412
-1.648303
-1.695449
-1.743878
-1.793617
-1.844695
-1.897137
-1.950973
-2.006227
-2.062929
-2.121104
-2.180779
-2.241980
-2.304733
-2.369063
-2.434996
-2.502555
-2.571765
-2.642649
-2.715229
-2.789527
-2.865564
-2.943360
-3.022935
-3.104306
-3.187492
-3.272509
-3.359372
-3.448095
-3.538692
-3.631175
-3.725556
-3.821844
-3.920048
-4.020176
-4.122236
-4.226233
-4.332171
-4.440056
-4.549890
-4.661675
-4.775414
-4.891107
-5.008755
-5.128358
-5.249916
-5.373430
-5.498899
-5.626323
-5.755703
-5.887042
-6.020340
-6.155603
-6.292834
-6.432040
-6.573231
-6.716416
-6.861611
-7.008832
-7.158099
-7.309437
-7.462874
-7.618443
-7.776184
-7.936140
-8.098362
-8.262908
-8.429841
-8.599236
-8.771172
-8.945741
-9.123040
-9.303180
-9.486281
-9.672473
-9.861898
-10.054710
-10.251074
-10.451167
-10.655176
-10.863303
-11.075757
-11.292759
-11.514538
-11.741333
-11.973388
-12.210952
-12.454275
-12.703608
-12.959199
-13.221290
-13.490114
-13.765890
-14.048820
-14.339088
-14.636850
-14.942237
-15.255348
-15.576247
-15.904964
-16.241488
-16.585768
-16.937715
-17.297199
-17.664053
-18.038074
-18.419026
-18.806648
-19.200654
-19.600744
-20.006608
-20.417938
-20.834433
-21.255810
-21.681817
-22.112242
-22.546924
-22.985768
-23.428758
-23.875969
-24.327581
-24.783897
-25.245352
-25.712528
-26.186169
-26.667189
-27.156682
-27.655924
-28.166378
-28.689680
-29.227631
-29.782174
-30.355354
-30.949281
-31.566072
-32.207781
-32.876328
-33.573410
-34.300412
-35.058307
-35.847552
-36.667974
-37.518638
-38.397689
-39.302154
-40.227706
-41.168372
-42.116219
-43.061080
-43.990433
-44.889637
-45.742768
-46.534241
-47.251205
-47.886264
-48.439751
-48.920731
-49.346392
-49.740132
-50.129106
-50.541872
-51.006417
-51.548480
-52.190023
-52.947830
-53.832483
-54.847998
-55.992346
-57.258682
-58.636933
-60.115247
-61.680989
-63.321164
-65.022295
-66.769885
-68.547483
-70.335120
-72.106311
-73.822009
-75.419751
-76.800288
-77.827937
-78.375608
-78.410231
-78.030346
-77.402843
-76.679148
-75.962560
-75.314935
-74.772827
-74.360546
-74.098942
-74.011784
-74.131965
-74.510158
-75.230746
-76.447605
-78.483242
-82.208827
-92.210690
-87.624258
-78.241241
-73.151741
-69.466433
-66.495677
-63.964791
-61.737808
-59.739340
-57.925347
-56.270115
-54.759571
-53.387270
-52.151469
-51.052592
-50.090901
-49.264532
-48.568199
-47.992832
-47.526137
-47.153778
-46.860760
-46.632637
-46.456333
-46.320561
-46.215917
-46.134767
-46.071015
-46.019848
-45.977478
-45.940911
-45.907761
-45.876081
-45.844244
-45.810827
-45.774535
-45.734125
-45.688344
-45.635877
-45.575301
-45.505033
-45.423288
-45.328037
-45.216961
-45.087412
-44.936376
-44.760437
-44.555757
-44.318060
-44.042641
-43.724383
-43.357800
-42.937092
-42.456212
-41.908928
-41.288881
-40.589608
-39.804566
-38.927172
-37.951003
-36.870426
-35.682310
-34.390191
-33.013667
-31.607470
-30.292149
-29.274980
-28.788701
-28.918689
-29.519805
-30.356943
-31.253259
-32.116460
-32.909573
-33.623218
-34.259912
-34.826571
-35.331200
-35.781534
-36.184545
-36.546325
-36.872118
-37.166412
-37.433044
-37.675291
-37.895964
-38.097479
-38.281917
-38.451081
-38.606535
-38.749641
-38.881591
-39.003429
-39.116074
-39.220333
-39.316924
-39.406479
-39.489560
-39.566668
-39.638247
-39.704693
-39.766360
-39.823562
-39.876581
-39.925664
-39.971035
-40.012887
-40.051394
-40.086706
-40.118953
-40.148245
-40.174675
-40.198318
-40.219231
-40.237453
-40.253007
-40.265897
-40.276110
-40.283610
-40.288343
-40.290230
