-0.022035
-0.022239
-0.022447
-0.022662
-0.022883
-0.023110
-0.023343
-0.023582
-0.023829
-0.024082
-0.024342
-0.024609
-0.024884
-0.025167
-0.025457
-0.025755
-0.026062
-0.026378
-0.026702
-0.027035
-0.027377
-0.027729
-0.028091
-0.028463
-0.028845
-0.029238
-0.029642
-0.030057
-0.030484
-0.030923
-0.031374
-0.031837
-0.032314
-0.032803
-0.033307
-0.033824
-0.034356
-0.034903
-0.035465
-0.036043
-0.036636
-0.037247
-0.037874
-0.038519
-0.039182
-0.039864
-0.040565
-0.041285
-0.042025
-0.042786
-0.043569
-0.044373
-0.045200
-0.046050
-0.046924
-0.047822
-0.048745
-0.049695
-0.050671
-0.051674
-0.052705
-0.053765
-0.054856
-0.055976
-0.057128
-0.058313
-0.059530
-0.060782
-0.062069
-0.063392
-0.064753
-0.066151
-0.067589
-0.069068
-0.070588
-0.072151
-0.073758
-0.075410
-0.077109
-0.078855
-0.080651
-0.082498
-0.084396
-0.086349
-0.088356
-0.090420
-0.092543
-0.094725
-0.096970
-0.099278
-0.101651
-0.104091
-0.106601
-0.109182
-0.111836
-0.114565
-0.117372
-0.120258
-0.123227
-0.126280
-0.129420
-0.132650
-0.135971
-0.139387
-0.142901
-0.146515
-0.150232
-0.154055
-0.157988
-0.162033
-0.166194
-0.170474
-0.174877
-0.179407
-0.184066
-0.188859
-0.193790
-0.198863
-0.204081
-0.209451
-0.214974
-0.220658
-0.226505
-0.232521
-0.238711
-0.245080
-0.251634
-0.258378
-0.265317
-0.272457
-0.279805
-0.287366
-0.295147
-0.303155
-0.311395
-0.319876
-0.328605
-0.337588
-0.346833
-0.356349
-0.366143
-0.376223
-0.386599
-0.397279
-0.408271
-0.419587
-0.431234
-0.443224
-0.455566
-0.468270
-0.481349
-0.494812
-0.508671
-0.522939
-0.537626
-0.552746
-0.568312
-0.584337
-0.600833
-0.617816
-0.635300
-0.653298
-0.671827
-0.690901
-0.710537
-0.730751
-0.751560
-0.772980
-0.795029
-0.817726
-0.841088
-0.865134
-0.889885
-0.915358
-0.941575
-0.968555
-0.996321
-1.024892
-1.054292
-1.084542
-1.115664
-1.147682
-1.180619
-1.214499
-1.249345
-1.285182
-1.322036
-1.359929
-1.398889
-1.438941
-1.480109
-1.522421
-1.565902
-1.610578
-1.656476
-1.703622
-1.752043
-1.801764
-1.852813
-1.905214
-1.958996
-2.014182
-2.070800
-2.128873
-2.188428
-2.249488
-2.312078
-2.376221
-2.441941
-2.509259
-2.578198
-2.648778
-2.721020
-2.794943
-2.870566
-2.947905
-3.026978
-3.107801
-3.190387
-3.274751
-3.360905
-3.448859
-3.538625
-3.630211
-3.723625
-3.818874
-3.915963
-4.014897
-4.115679
-4.218312
-4.322796
-4.429133
-4.537322
-4.647361
-4.759248
-4.872982
-4.988560
-5.105977
-5.225230
-5.346317
-5.469234
-5.593977
-5.720545
-5.848935
-5.979148
-6.111184
-6.245045
-6.380736
-6.518263
-6.657636
-6.798865
-6.941967
-7.086960
-7.233867
-7.382717
-7.533541
-7.686379
-7.841275
-7.998279
-8.157450
-8.318854
-8.482564
-8.648663
-8.817243
-8.988405
-9.162262
-9.338936
-9.518559
-9.701277
-9.887245
-10.076630
-10.269611
-10.466377
-10.667128
-10.872073
-11.081430
-11.295426
-11.514292
-11.738264
-11.967578
-12.202474
-12.443182
-12.689932
-12.942938
-13.202405
-13.468518
-13.741442
-14.021317
-14.308253
-14.602329
-14.903590
-15.212043
-15.527654
-15.850350
-16.180017
-16.516499
-16.859602
-17.209095
-17.564714
-17.926165
-18.293132
-18.665280
-19.042266
-19.423742
-19.809369
-20.198825
-20.591814
-20.988078
-21.387410
-21.789665
-22.194773
-22.602755
-23.013732
-23.427945
-23.845762
-24.267699
-24.694424
-25.126775
-25.565761
-26.012574
-26.468579
-26.935316
-27.414480
-27.907898
-28.417497
-28.945257
-29.493156
-30.063101
-30.656850
-31.275929
-31.921538
-32.594451
-33.294908
-34.022503
-34.776047
-35.553409
-36.351318
-37.165117
-37.988477
-38.813075
-39.628314
-40.421201
-41.176575
-41.877938
-42.509076
-43.056434
-43.511839
-43.874759
-44.153300
-44.363578
-44.527797
-44.671783
-44.822615
-45.006630
-45.247745
-45.565904
-45.975690
-46.485293
-47.096182
-47.803670
-48.598245
-49.467292
-50.396766
-51.372501
-52.381042
-53.410073
-54.448567
-55.486802
-56.516358
-57.530119
-58.522310
-59.488476
-60.425327
-61.330317
-62.200818
-63.032774
-63.818762
-64.545531
-65.191465
-65.725123
-66.107005
-66.296772
-66.265681
-66.008670
-65.547925
-64.925137
-64.188278
-63.380791
-62.536547
-61.679416
-60.825041
-59.983110
-59.159363
-58.357116
-57.578376
-56.824637
-56.097483
-55.399062
-54.732487
-54.102178
-53.514140
-52.976104
-52.497466
-52.088895
-51.761530
-51.525755
-51.389719
-51.357933
-51.430366
-51.602362
-51.865394
-52.208406
-52.619305
-53.086254
-53.598574
-54.147213
-54.724899
-55.326059
-55.946644
-56.583900
-57.236155
-57.902636
-58.583319
-59.278826
-59.990360
-60.719683
-61.469126
-62.241655
-63.040976
-63.871725
-64.739739
-65.652480
-66.619676
-67.654316
-68.774263
-70.004953
-71.384192
-72.971332
-74.866618
-77.258128
-80.563036
-86.055849
-106.717462
-87.388501
-80.603155
-76.565569
-73.552025
-71.047362
-68.823955
-66.758982
-64.777311
-62.829309
-60.881973
-58.917636
-56.940302
-54.992906
-53.186858
-51.722215
-50.825910
-50.578589
-50.831208
-51.345394
-51.941554
-52.525054
-53.056912
-53.526016
-53.933376
-54.284590
-54.586505
-54.845835
-55.068644
-55.260216
-55.425075
-55.567060
-55.689424
-55.794921
-55.885884
-55.964299
-56.031855
-56.089997
-56.139965
-56.182823
-56.219493
-56.250768
-56.277341
-56.299811
-56.318704
-56.334478
-56.347536
-56.358232
-56.366878
-56.373749
-56.379090
-56.383116
-56.386021
-56.387976
-56.389133
-56.389629
-56.389588
-56.389118
-56.388319
-56.387280
-56.386080
-56.384793
-56.383482
-56.382206
-56.381016
-56.379960
-56.379077
-56.378403
-56.377966
-56.377789
