-0.007073
-0.007044
-0.007014
-0.006984
-0.006952
-0.006920
-0.006887
-0.006853
-0.006817
-0.006781
-0.006744
-0.006706
-0.006667
-0.006627
-0.006585
-0.006543
-0.006499
-0.006454
-0.006408
-0.006360
-0.006312
-0.006261
-0.006210
-0.006157
-0.006102
-0.006046
-0.005989
-0.005930
-0.005869
-0.005806
-0.005742
-0.005676
-0.005608
-0.005539
-0.005467
-0.005393
-0.005318
-0.005240
-0.005160
-0.005077
-0.004993
-0.004906
-0.004817
-0.004725
-0.004631
-0.004534
-0.004434
-0.004332
-0.004226
-0.004118
-0.004007
-0.003893
-0.003775
-0.003654
-0.003530
-0.003402
-0.003271
-0.003136
-0.002998
-0.002855
-0.002709
-0.002558
-0.002404
-0.002245
-0.002081
-0.001913
-0.001740
-0.001563
-0.001380
-0.001193
-0.001000
-0.000802
-0.000598
-0.000388
-0.000173
0.000048
0.000276
0.000510
0.000750
0.000997
0.001251
0.001512
0.001781
0.002057
0.002340
0.002632
0.002932
0.003240
0.003557
0.003882
0.004217
0.004561
0.004915
0.005279
0.005653
0.006037
0.006433
0.006839
0.007257
0.007686
0.008128
0.008581
0.009048
0.009528
0.010021
0.010528
0.011050
0.011586
0.012137
0.012704
0.013286
0.013886
0.014502
0.015135
0.015786
0.016456
0.017145
0.017853
0.018581
0.019329
0.020099
0.020891
0.021705
0.022542
0.023403
0.024289
0.025199
0.026136
0.027099
0.028089
0.029108
0.030156
0.031233
0.032341
0.033481
0.034654
0.035860
0.037101
0.038377
0.039689
0.041040
0.042429
0.043858
0.045328
0.046841
0.048397
0.049998
0.051645
0.053340
0.055084
0.056878
0.058725
0.060625
0.062581
0.064593
0.066664
0.068796
0.070990
0.073248
0.075573
0.077966
0.080429
0.082964
0.085575
0.088263
0.091030
0.093879
0.096813
0.099835
0.102946
0.106151
0.109452
0.112851
0.116353
0.119960
0.123677
0.127506
0.131451
0.135516
0.139705
0.144023
0.148473
0.153059
0.157787
0.162661
0.167687
0.172869
0.178212
0.183723
0.189407
0.195270
0.201319
0.207560
0.213999
0.220645
0.227504
0.234584
0.241893
0.249440
0.257234
0.265283
0.273597
0.282186
0.291062
0.300234
0.309714
0.319515
0.329648
0.340127
0.350967
0.362181
0.373785
0.385794
0.398227
0.411100
0.424431
0.438242
0.452552
0.467384
0.482759
0.498704
0.515242
0.532402
0.550212
0.568703
0.587906
0.607857
0.628590
0.650144
0.672561
0.695884
0.720158
0.745434
0.771764
0.799203
0.827813
0.857656
0.888802
0.921325
0.955303
0.990821
1.027971
1.066850
1.107566
1.150231
1.194971
1.241920
1.291221
1.343035
1.397531
1.454898
1.515340
1.579079
1.646361
1.717455
1.792655
1.872289
1.956716
2.046335
2.141590
2.242974
2.351041
2.466409
2.589773
2.721919
2.863739
3.016245
3.180597
3.358127
3.550374
3.759129
3.986485
4.234912
4.507345
4.807304
5.139056
5.507832
5.920136
6.384174
6.910496
7.512952
8.210208
9.028213
10.004495
11.196120
12.695842
14.668958
17.452153
21.879120
29.472967
24.245999
17.766643
13.669312
10.645448
8.206917
6.131368
4.299826
2.641220
1.109581
-0.326681
-1.690361
-2.998597
-4.264742
-5.499546
-6.711929
-7.909510
-9.098971
-10.286317
-11.477057
-12.676307
-13.888814
-15.118865
-16.370015
-17.644487
-18.942018
-20.257715
-21.578283
-22.875915
-24.099899
-25.169451
-25.978476
-26.426610
-26.469865
-26.146783
-25.550024
-24.775709
-23.893488
-22.942305
-21.937262
-20.877097
-19.748796
-18.528955
-17.181806
-15.652791
-13.853777
-11.628011
-8.652804
-4.078334
5.755608
1.792900
-6.202562
-10.625135
-13.814584
-16.423441
-18.734767
-20.909721
-23.064753
-25.307849
-27.768300
-30.643166
-34.313281
-39.764170
-49.974027
-43.428552
-37.322776
-33.863000
-31.495127
-29.711118
-28.287534
-27.107070
-26.100657
-25.224145
-24.447421
-23.748747
-23.111522
-22.522250
-21.969122
-21.440881
-20.925756
-20.410310
-19.878069
-19.307831
-18.671608
-17.932351
-17.041851
-15.939427
-14.551624
-12.790940
-10.546281
-7.646388
-3.739829
2.193620
16.395673
8.037870
1.856735
-1.052115
-2.753126
-3.824375
-4.509567
-4.933055
-5.165362
-5.248833
-5.209344
-5.062181
-4.815127
-4.470039
-4.023502
-3.466829
-2.785569
-1.958765
-0.958880
0.244140
1.661481
3.201165
4.425771
4.399445
2.765751
0.379088
-2.049793
-4.305322
-6.371946
-8.282620
-10.075726
-11.785654
-13.442126
-15.071560
-16.698825
-18.349111
-20.050091
-21.834780
-23.745855
-25.842970
-28.216302
-31.013466
-34.491817
-39.032217
-43.402076
-41.147101
-37.272301
-34.509562
-32.528334
-31.037573
-29.872855
-28.937967
-28.172958
-27.538342
-27.006914
-26.559231
-26.180975
-25.861345
-25.592017
-25.366470
-25.179515
-25.026975
-24.905447
-24.812136
-24.744724
-24.701280
-24.680180
-24.680055
-24.699745
-24.738264
-24.794770
-24.868546
-24.958978
-25.065543
-25.187796
-25.325359
-25.477917
-25.645209
-25.827021
-26.023189
-26.233588
-26.458139
-26.696798
-26.949564
-27.216475
-27.497609
-27.793087
-28.103073
-28.427778
-28.767464
-29.122446
-29.493097
-29.879855
-30.283230
-30.703809
-31.142267
-31.599380
-32.076034
-32.573241
-33.092161
-33.634119
-34.200635
-34.793458
-35.414603
-36.066404
-36.751576
-37.473299
-38.235321
-39.042098
-39.898975
-40.812439
-41.790468
-42.843024
-43.982784
-45.226239
-46.595443
-48.120903
-49.846689
-51.840168
-54.212612
-57.169634
-61.165696
-67.619347
-98.964344
-69.420461
-64.009125
-61.273507
-59.692715
-58.822055
-58.497145
