-0.004405
-0.004177
-0.003943
-0.003702
-0.003454
-0.003200
-0.002938
-0.002669
-0.002393
-0.002109
-0.001817
-0.001517
-0.001208
-0.000892
-0.000566
-0.000231
0.000113
0.000467
0.000831
0.001204
0.001588
0.001983
0.002389
0.002806
0.003235
0.003675
0.004128
0.004594
0.005072
0.005564
0.006069
0.006589
0.007123
0.007672
0.008236
0.008816
0.009412
0.010024
0.010654
0.011301
0.011967
0.012650
0.013353
0.014076
0.014818
0.015582
0.016366
0.017173
0.018001
0.018853
0.019729
0.020629
0.021555
0.022506
0.023483
0.024488
0.025521
0.026583
0.027674
0.028796
0.029949
0.031135
0.032353
0.033606
0.034893
0.036216
0.037577
0.038975
0.040413
0.041890
0.043409
0.044971
0.046576
0.048226
0.049922
0.051665
0.053458
0.055300
0.057194
0.059141
0.061143
0.063200
0.065316
0.067490
0.069726
0.072024
0.074387
0.076816
0.079313
0.081880
0.084519
0.087232
0.090022
0.092890
0.095838
0.098869
0.101986
0.105190
0.108484
0.111872
0.115354
0.118935
0.122616
0.126401
0.130293
0.134295
0.138410
0.142641
0.146991
0.151465
0.156065
0.160795
0.165659
0.170660
0.175804
0.181093
0.186532
0.192125
0.197877
0.203793
0.209877
0.216134
0.222569
0.229187
0.235994
0.242995
0.250196
0.257602
0.265221
0.273057
0.281117
0.289409
0.297938
0.306712
0.315738
0.325023
0.334576
0.344404
0.354515
0.364918
0.375622
0.386635
0.397968
0.409628
0.421627
0.433975
0.446682
0.459758
0.473217
0.487068
0.501324
0.515997
0.531101
0.546648
0.562653
0.579128
0.596090
0.613553
0.631532
0.650044
0.669106
0.688735
0.708949
0.729766
0.751206
0.773288
0.796033
0.819462
0.843598
0.868463
0.894081
0.920476
0.947673
0.975700
1.004583
1.034351
1.065033
1.096660
1.129262
1.162873
1.197528
1.233260
1.270107
1.308107
1.347299
1.387724
1.429425
1.472447
1.516834
1.562636
1.609900
1.658680
1.709029
1.761002
1.814657
1.870054
1.927255
1.986327
2.047335
2.110350
2.175445
2.242694
2.312177
2.383973
2.458168
2.534848
2.614102
2.696024
2.780710
2.868258
2.958770
3.052349
3.149102
3.249138
3.352566
3.459498
3.570047
3.684323
3.802436
3.924495
4.050604
4.180859
4.315350
4.454156
4.597341
4.744949
4.897002
5.053493
5.214379
5.379570
5.548926
5.722237
5.899218
6.079490
6.262563
6.447821
6.634497
6.821658
7.008182
7.192740
7.373781
7.549527
7.717978
7.876926
8.023998
8.156711
8.272564
8.369143
8.444258
8.496076
8.523271
8.525145
8.501722
8.453796
8.382933
8.291420
8.182176
8.058638
7.924636
7.784269
7.641808
7.501612
7.368082
7.245641
7.138739
7.051888
6.989718
6.957054
6.959014
7.001134
7.089514
7.230985
7.433315
7.705407
8.057473
8.501041
9.048459
9.711041
10.493709
11.380989
12.304215
13.082079
13.385032
12.902321
11.670930
10.029724
8.285670
6.595290
5.014222
3.552643
2.203858
0.956213
-0.202403
-1.283033
-2.295265
-3.247264
-4.145935
-4.997104
-5.805682
-6.575807
-7.310957
-8.014037
-8.687451
-9.333156
-9.952704
-10.547274
-11.117696
-11.664475
-12.187804
-12.687586
-13.163444
-13.614754
-14.040657
-14.440106
-14.811896
-15.154722
-15.467232
-15.748095
-15.996070
-16.210071
-16.389231
-16.532950
-16.640932
-16.713190
-16.750045
-16.752088
-16.720129
-16.655134
-16.558146
-16.430205
-16.272265
-16.085117
-15.869310
-15.625079
-15.352274
-15.050290
-14.717985
-14.353603
-13.954678
-13.517931
-13.039174
-12.513239
-11.934008
-11.294727
-10.588983
-9.813279
-8.973189
-8.097049
-7.262596
-6.632956
-6.453871
-6.919014
-7.979565
-9.380081
-10.857226
-12.232452
-13.397434
-14.285547
-14.860501
-15.115506
-15.070251
-14.760360
-14.223309
-13.486978
-12.563155
-11.444592
-10.103675
-8.494073
-6.570834
-4.406913
-2.651698
-2.827905
-4.927764
-7.395131
-9.539823
-11.250637
-12.538168
-13.424694
-13.932474
-14.087342
-13.918176
-13.450014
-12.693638
-11.633382
-10.210383
-8.291395
-5.599025
-1.583783
3.337598
0.445074
-4.298403
-7.236418
-8.902431
-9.658604
-9.733290
-9.286053
-8.418305
-7.174018
-5.539858
-3.443105
-0.769633
2.366778
4.078752
1.932878
-1.271311
-3.979939
-6.165292
-7.967958
-9.496226
-10.822745
-11.996457
-13.051285
-14.011478
-14.894871
-15.714912
-16.481965
-17.204171
-17.888031
-18.538813
-19.160845
-19.757718
-20.332450
-20.887598
-21.425345
-21.947577
-22.455927
-22.951825
-23.436530
-23.911154
-24.376689
-24.834023
-25.283956
-25.727210
-26.164445
-26.596261
-27.023211
-27.445805
-27.864517
-28.279786
-28.692026
-29.101625
-29.508949
-29.914349
-30.318155
-30.720689
-31.122256
-31.523156
-31.923678
-32.324106
-32.724720
-33.125793
-33.527601
-33.930414
-34.334507
-34.740155
-35.147634
-35.557228
-35.969223
-36.383915
-36.801607
-37.222611
-37.647252
-38.075866
-38.508806
-38.946440
-39.389157
-39.837364
-40.291494
-40.752007
-41.219393
-41.694174
-42.176911
-42.668207
-43.168713
-43.679133
-44.200232
-44.732843
-45.277881
-45.836346
-46.409342
-46.998093
-47.603957
-48.228451
-48.873279
-49.540364
-50.231887
-50.950340
-51.698590
-52.479956
-53.298323
-54.158271
-55.065265
-56.025903
-57.048265
-58.142411
-59.321103
-60.600915
-62.003973
-63.560850
-65.315672
-67.335856
-69.732714
-72.711892
-76.727876
-83.199229
-114.559712
-85.029092
-79.628779
-76.901914
-75.327562
-74.460971
-74.137684
