-18.033630
-18.032560
-18.031460
-18.030329
-18.029167
-18.027972
-18.026745
-18.025483
-18.024186
-18.022853
-18.021483
-18.020074
-18.018627
-18.017139
-18.015610
-18.014038
-18.012423
-18.010762
-18.009055
-18.007301
-18.005498
-18.003645
-18.001740
-17.999782
-17.997769
-17.995701
-17.993574
-17.991389
-17.989143
-17.986834
-17.984461
-17.982021
-17.979514
-17.976937
-17.974288
-17.971565
-17.968766
-17.965890
-17.962933
-17.959893
-17.956769
-17.953558
-17.950257
-17.946864
-17.943376
-17.939791
-17.936107
-17.932319
-17.928425
-17.924423
-17.920309
-17.916081
-17.911734
-17.907266
-17.902673
-17.897952
-17.893098
-17.888110
-17.882981
-17.877710
-17.872291
-17.866721
-17.860994
-17.855108
-17.849057
-17.842837
-17.836442
-17.829869
-17.823112
-17.816165
-17.809024
-17.801682
-17.794136
-17.786377
-17.778401
-17.770201
-17.761772
-17.753106
-17.744196
-17.735037
-17.725620
-17.715939
-17.705986
-17.695753
-17.685233
-17.674416
-17.663296
-17.651862
-17.640107
-17.628020
-17.615593
-17.602816
-17.589679
-17.576171
-17.562282
-17.548001
-17.533316
-17.518217
-17.502690
-17.486725
-17.470308
-17.453426
-17.436066
-17.418214
-17.399856
-17.380977
-17.361562
-17.341595
-17.321061
-17.299943
-17.278224
-17.255886
-17.232912
-17.209283
-17.184979
-17.159981
-17.134268
-17.107820
-17.080614
-17.052629
-17.023841
-16.994227
-16.963761
-16.932420
-16.900176
-16.867003
-16.832872
-16.797756
-16.761625
-16.724448
-16.686193
-16.646828
-16.606320
-16.564633
-16.521732
-16.477580
-16.432138
-16.385366
-16.337224
-16.287670
-16.236659
-16.184147
-16.130086
-16.074429
-16.017124
-15.958120
-15.897364
-15.834800
-15.770369
-15.704013
-15.635670
-15.565275
-15.492761
-15.418061
-15.341103
-15.261811
-15.180110
-15.095919
-15.009155
-14.919732
-14.827560
-14.732545
-14.634592
-14.533598
-14.429458
-14.322064
-14.211300
-14.097049
-13.979186
-13.857581
-13.732100
-13.602602
-13.468938
-13.330956
-13.188493
-13.041380
-12.889441
-12.732490
-12.570333
-12.402764
-12.229570
-12.050523
-11.865388
-11.673912
-11.475832
-11.270870
-11.058729
-10.839099
-10.611650
-10.376031
-10.131870
-9.878773
-9.616318
-9.344057
-9.061511
-8.768165
-8.463471
-8.146839
-7.817632
-7.475167
-7.118701
-6.747434
-6.360492
-5.956926
-5.535699
-5.095673
-4.635596
-4.154088
-3.649618
-3.120484
-2.564781
-1.980373
-1.364848
-0.715471
-0.029123
0.697774
1.469340
2.290353
3.166366
4.103851
5.110335
6.194486
7.366036
8.635250
10.011256
11.497632
13.081660
14.710476
16.248445
17.442171
18.005385
17.867945
17.256008
16.461470
15.671536
14.970074
14.384300
13.916599
13.559799
13.303549
13.136667
13.047763
13.025109
13.056182
13.127075
13.221913
13.322403
13.407721
13.454956
13.440292
13.340946
13.137545
12.816337
12.370563
11.800646
11.113337
10.320275
9.436435
8.478707
7.464676
6.411611
5.335678
4.251404
3.171400
2.106310
1.064925
0.054406
-0.919435
-1.851853
-2.738897
-3.577161
-4.363563
-5.095145
-5.768899
-6.381596
-6.929621
-7.408798
-7.814200
-8.139935
-8.378899
-8.522499
-8.560385
-8.480281
-8.268229
-7.910046
-7.396176
-6.735489
-5.990441
-5.348026
-5.177810
-5.846847
-7.304661
-9.145930
-11.026186
-12.781404
-14.355643
-15.736373
-16.924103
-17.920252
-18.722251
-19.321009
-19.698672
-19.825616
-19.656008
-19.122430
-18.137710
-16.660727
-15.131471
-15.474599
-18.448454
-21.900488
-24.874968
-27.292281
-29.198787
-30.611407
-31.485018
-31.671921
-30.796072
-27.740868
-19.729635
-31.143735
-39.236378
-44.883900
-49.452468
-53.408169
-56.963993
-60.235498
-63.292756
-66.181698
-68.934219
-71.573470
-74.116851
-76.577822
-78.967038
-81.293105
-83.563086
-85.782868
-87.957413
-90.090955
-92.187137
-94.249123
-96.279681
-98.281252
-100.255998
-102.205848
-104.132528
-106.037596
-107.922459
-109.788395
-111.636568
-113.468044
-115.283799
-117.084735
-118.871681
-120.645405
-122.406621
-124.155992
-125.894137
-127.621632
-129.339019
-131.046806
-132.745469
-134.435459
-136.117199
-137.791090
-139.457513
-141.116827
-142.769376
-144.415486
-146.055467
-147.689619
-149.318226
-150.941561
-152.559887
-154.173457
-155.782515
-157.387299
-158.988036
-160.584949
-162.178254
-163.768164
-165.354883
-166.938615
-168.519560
-170.097913
-171.673869
-173.247621
-174.819360
-176.389279
-177.957568
-179.524420
-181.090030
-182.654594
-184.218311
-185.781386
-187.344026
-188.906444
-190.468862
-192.031507
-193.594616
-195.158436
-196.723225
-198.289255
-199.856813
-201.426201
-202.997741
-204.571779
-206.148682
-207.728846
-209.312698
-210.900702
-212.493361
-214.091224
-215.694895
-217.305036
-218.922381
-220.547746
-222.182038
-223.826277
-225.481610
-227.149337
-228.830941
-230.528119
-232.242833
-233.977362
-235.734378
-237.517041
-239.329123
-241.175180
-243.060783
-244.992839
-246.980057
-249.033632
-251.168283
-253.403902
-255.768299
-258.302030
-261.067608
-264.168868
-267.797924
-272.376418
-279.183749
-301.206070
-283.289586
-277.974315
-275.470416
-274.060316
-273.235102
-272.773479
-272.558994
-272.522723
-272.620452
-272.822092
-273.106220
-273.457024
-273.862483
-274.313232
-274.801821
-275.322214
-275.869443
-276.439358
-277.028450
-277.633716
-278.252559
-278.882707
-279.522159
-280.169131
-280.822025
-281.479392
-282.139912
-282.802373
-283.465652
-284.128704
-284.790548
-285.450258
-286.106954
-286.759797
-287.407980
-288.050721
-288.687263
-289.316866
-289.938806
-290.552368
-291.156844
-291.751534
-292.335737
-292.908755
-293.469884
-294.018417
-294.553641
-295.074834
-295.581262
-296.072179
-296.546825
-297.004423
-297.444179
-297.865276
-298.266879
-298.648125
-299.008126
-299.345968
-299.660705
-299.951356
-300.216910
-300.456313
-300.668476
-300.852263
-301.006496
-301.129944
-301.221328
-301.279312
-301.302500
