0.100111
0.103457
0.106897
0.110434
0.114070
0.117809
0.121654
0.125606
0.129670
0.133849
0.138145
0.142563
0.147106
0.151776
0.156579
0.161518
0.166597
0.171819
0.177189
0.182711
0.188390
0.194230
0.200236
0.206412
0.212764
0.219297
0.226015
0.232925
0.240031
0.247341
0.254859
0.262591
0.270545
0.278726
0.287141
0.295797
0.304702
0.313862
0.323285
0.332979
0.342953
0.353213
0.363770
0.374631
0.385806
0.397305
0.409136
0.421311
0.433839
0.446732
0.460000
0.473654
0.487708
0.502172
0.517059
0.532383
0.548157
0.564395
0.581111
0.598320
0.616038
0.634281
0.653065
0.672407
0.692326
0.712838
0.733964
0.755723
0.778136
0.801223
0.825007
0.849511
0.874757
0.900771
0.927577
0.955203
0.983675
1.013023
1.043275
1.074463
1.106618
1.139775
1.173966
1.209229
1.245602
1.283123
1.321832
1.361774
1.402992
1.445532
1.489443
1.534775
1.581582
1.629919
1.679843
1.731416
1.784701
1.839764
1.896675
1.955508
2.016340
2.079252
2.144330
2.211662
2.281344
2.353475
2.428162
2.505514
2.585651
2.668696
2.754782
2.844049
2.936645
3.032730
3.132471
3.236048
3.343653
3.455490
3.571780
3.692757
3.818674
3.949802
4.086435
4.228888
4.377503
4.532650
4.694732
4.864188
5.041496
5.227178
5.421811
5.626025
5.840518
6.066064
6.303522
6.553849
6.818120
7.097542
7.393480
7.707484
8.041323
8.397031
8.776957
9.183832
9.620859
10.091820
10.601217
11.154462
11.758116
12.420214
13.150680
13.961861
14.869159
15.891621
17.051917
18.373809
19.870785
21.506405
23.080758
24.051752
23.771231
22.369304
20.544000
18.736975
17.087685
15.612438
14.292927
13.105153
12.027350
11.041507
10.133122
9.290578
8.504527
7.767392
7.072973
6.416151
5.792662
5.198919
4.631887
4.088974
3.567952
3.066896
2.584131
2.118191
1.667790
1.231792
0.809189
0.399086
0.000683
-0.386736
-0.763814
-1.131131
-1.489210
-1.838524
-2.179501
-2.512530
-2.837967
-3.156133
-3.467321
-3.771801
-4.069816
-4.361590
-4.647326
-4.927213
-5.201418
-5.470099
-5.733396
-5.991438
-6.244342
-6.492215
-6.735153
-6.973242
-7.206560
-7.435176
-7.659151
-7.878541
-8.093391
-8.303743
-8.509630
-8.711080
-8.908114
-9.100751
-9.288999
-9.472865
-9.652349
-9.827446
-9.998146
-10.164434
-10.326290
-10.483689
-10.636600
-10.784989
-10.928815
-11.068031
-11.202587
-11.332424
-11.457479
-11.577682
-11.692958
-11.803221
-11.908381
-12.008339
-12.102988
-12.192209
-12.275877
-12.353853
-12.425988
-12.492120
-12.552072
-12.605654
-12.652656
-12.692851
-12.725993
-12.751812
-12.770012
-12.780271
-12.782234
-12.775512
-12.759678
-12.734259
-12.698733
-12.652522
-12.594983
-12.525403
-12.442980
-12.346821
-12.235920
-12.109140
-11.965196
-11.802623
-11.619748
-11.414647
-11.185096
-10.928506
-10.641843
-10.321521
-9.963259
-9.561896
-9.111131
-8.603161
-8.028160
-7.373506
-6.622601
-5.752981
-4.733134
-3.516838
-2.032186
-0.158116
2.333504
5.952590
12.159702
17.330590
8.585228
3.669120
0.472270
-1.878566
-3.725014
-5.232633
-6.493385
-7.563218
-8.478416
-9.263627
-9.936171
-10.508514
-10.989757
-11.386562
-11.703737
-11.944595
-12.111156
-12.204237
-12.223432
-12.166993
-12.031603
-11.811995
-11.500359
-11.085425
-10.551003
-9.873567
-9.018059
-7.930062
-6.519802
-4.625101
-1.908114
2.533555
12.568750
6.987926
-0.690651
-5.023553
-8.101471
-10.522899
-12.538890
-14.277461
-15.811563
-17.185291
-18.425578
-19.547884
-20.559073
-21.458896
-22.240815
-22.892694
-23.397741
-23.735977
-23.886187
-23.827779
-23.541494
-23.007650
-22.200620
-21.077869
-19.559068
-17.480241
-14.464505
-9.387143
4.419360
-7.221762
-14.172384
-18.224922
-21.170898
-23.544020
-25.577604
-27.396200
-29.075528
-30.666293
-32.205152
-33.720125
-35.233045
-36.759656
-38.306782
-39.864553
-41.390370
-42.783628
-43.868326
-44.439691
-44.404829
-43.871475
-43.050011
-42.116536
-41.172308
-40.263090
-39.404426
-38.597606
-37.837842
-37.118077
-36.430656
-35.767982
-35.122698
-34.487659
-33.855784
-33.219851
-32.572232
-31.904554
-31.207262
-30.469012
-29.675810
-28.809690
-27.846622
-26.752971
-25.479092
-23.946745
-22.021416
-19.441323
-15.588775
-8.526949
-6.752225
-15.376519
-20.152854
-23.454293
-26.030457
-28.185385
-30.071944
-31.778527
-33.361725
-34.860917
-36.305656
-37.719859
-39.124456
-40.539340
-41.985087
-43.484829
-45.066735
-46.767830
-48.640646
-50.766181
-53.282611
-56.461025
-60.969256
-69.521366
-74.702246
-63.537532
-59.055563
-56.269675
-54.270749
-52.723343
-51.465666
-50.406844
-49.490366
-48.678340
-47.943788
-47.266495
-46.630621
-46.023244
-45.433431
-44.851638
-44.269302
-43.678571
-43.072118
-42.443012
-41.784613
-41.090482
-40.354270
-39.569568
-38.729694
-37.827378
-36.854308
-35.800471
-34.653170
-33.395536
-32.004149
-30.444998
-28.666102
-26.582654
-24.043040
-20.735237
-15.835426
-5.294381
-6.909264
-15.491600
-19.471064
-22.011932
-23.840837
-25.244677
-26.366572
-27.288347
-28.061202
-28.719310
-29.286608
-29.780506
-30.214048
-30.597255
-30.937975
-31.242467
-31.515791
-31.762090
-31.984792
-32.186763
-32.370416
-32.537799
-32.690661
-32.830504
-32.958625
-33.076146
-33.184047
-33.283181
-33.374296
-33.458047
-33.535010
-33.605692
-33.670535
-33.729932
-33.784223
-33.833706
-33.878639
-33.919244
-33.955707
-33.988184
-34.016800
-34.041648
-34.062795
-34.080276
-34.094097
-34.104231
-34.110619
-34.113165
