0.082493
0.085187
0.087955
0.090799
0.093720
0.096722
0.099805
0.102973
0.106227
0.109569
0.113003
0.116531
0.120154
0.123876
0.127699
0.131626
0.135660
0.139803
0.144059
0.148430
0.152919
0.157530
0.162266
0.167130
0.172125
0.177255
0.182524
0.187934
0.193491
0.199196
0.205055
0.211072
0.217250
0.223594
0.230107
0.236795
0.243662
0.250712
0.257950
0.265381
0.273009
0.280841
0.288881
0.297133
0.305605
0.314300
0.323226
0.332387
0.341789
0.351439
0.361343
0.371506
0.381936
0.392638
0.403620
0.414889
0.426451
0.438313
0.450484
0.462969
0.475778
0.488917
0.502394
0.516218
0.530397
0.544939
0.559852
0.575146
0.590829
0.606910
0.623398
0.640303
0.657635
0.675402
0.693615
0.712284
0.731420
0.751031
0.771130
0.791726
0.812831
0.834456
0.856612
0.879310
0.902563
0.926381
0.950777
0.975763
1.001351
1.027554
1.054384
1.081855
1.109979
1.138769
1.168239
1.198402
1.229272
1.260863
1.293189
1.326263
1.360101
1.394717
1.430126
1.466341
1.503379
1.541255
1.579983
1.619580
1.660060
1.701440
1.743736
1.786963
1.831138
1.876278
1.922398
1.969516
2.017648
2.066812
2.117025
2.168304
2.220666
2.274130
2.328713
2.384433
2.441309
2.499359
2.558602
2.619056
2.680742
2.743677
2.807882
2.873377
2.940182
3.008316
3.077802
3.148660
3.220911
3.294577
3.369680
3.446243
3.524289
3.603840
3.684923
3.767559
3.851776
3.937597
4.025050
4.114162
4.204959
4.297472
4.391728
4.487758
4.585592
4.685264
4.786806
4.890253
4.995639
5.103001
5.212378
5.323809
5.437334
5.552997
5.670842
5.790915
5.913263
6.037938
6.164991
6.294477
6.426453
6.560978
6.698116
6.837931
6.980493
7.125871
7.274142
7.425385
7.579681
7.737119
7.897788
8.061785
8.229209
8.400166
8.574767
8.753128
8.935371
9.121624
9.312020
9.506702
9.705815
9.909514
10.117960
10.331322
10.549772
10.773494
11.002673
11.237503
11.478181
11.724906
11.977881
12.237305
12.503374
12.776273
13.056174
13.343225
13.637541
13.939191
14.248185
14.564447
14.887796
15.217905
15.554267
15.896140
16.242483
16.591890
16.942494
17.291881
17.636986
17.974001
18.298307
18.604450
18.886200
19.136725
19.348911
19.515825
19.631314
19.690627
19.690977
19.631893
19.515281
19.345175
19.127247
18.868190
18.575101
18.254954
17.914229
17.558681
17.193242
16.822015
16.448332
16.074835
15.703578
15.336126
14.973638
14.616952
14.266648
13.923107
13.586549
13.257075
12.934696
12.619352
12.310931
12.009285
11.714239
11.425603
11.143171
10.866734
10.596080
10.330997
10.071275
9.816709
9.567098
9.322248
9.081972
8.846089
8.614423
8.386810
8.163088
7.943104
7.726712
7.513772
7.304150
7.097718
6.894354
6.693943
6.496373
6.301538
6.109337
5.919673
5.732455
5.547594
5.365007
5.184613
5.006336
4.830103
4.655843
4.483490
4.312980
4.144253
3.977249
3.811913
3.648192
3.486034
3.325390
3.166214
3.008461
2.852089
2.697055
2.543321
2.390849
2.239603
2.089548
1.940652
1.792883
1.646211
1.500606
1.356040
1.212488
1.069923
0.928321
0.787660
0.647915
0.509067
0.371095
0.233978
0.097700
-0.037760
-0.172416
-0.306286
-0.439386
-0.571729
-0.703331
-0.834204
-0.964362
-1.093816
-1.222578
-1.350659
-1.478069
-1.604819
-1.730917
-1.856373
-1.981195
-2.105390
-2.228966
-2.351930
-2.474289
-2.596048
-2.717213
-2.837789
-2.957782
-3.077195
-3.196034
-3.314301
-3.432000
-3.549134
-3.665707
-3.781720
-3.897176
-4.012077
-4.126425
-4.240221
-4.353466
-4.466161
-4.578306
-4.689904
-4.800952
-4.911453
-5.021405
-5.130808
-5.239662
-5.347967
-5.455721
-5.562923
-5.669573
-5.775669
-5.881210
-5.986194
-6.090621
-6.194487
-6.297793
-6.400535
-6.502712
-6.604322
-6.705363
-6.805832
-6.905729
-7.005049
-7.103792
-7.201955
-7.299534
-7.396529
-7.492936
-7.588753
-7.683977
-7.778604
-7.872634
-7.966061
-8.058883
-8.151096
-8.242697
-8.333682
-8.424047
-8.513787
-8.602896
-8.691370
-8.779203
-8.866387
-8.952915
-9.038778
-9.123968
-9.208472
-9.292280
-9.375377
-9.457747
-9.539373
-9.620234
-9.700306
-9.779564
-9.857976
-9.935508
-10.012120
-10.087765
-10.162390
-10.235935
-10.308329
-10.379493
-10.449333
-10.517742
-10.584597
-10.649754
-10.713048
-10.774287
-10.833249
-10.889675
-10.943264
-10.993665
-11.040467
-11.083189
-11.121269
-11.154043
-11.180730
-11.200406
-11.211978
-11.214143
-11.205353
-11.183751
-11.147114
-11.092760
-11.017450
-10.917253
-10.787378
-10.621965
-10.413816
-10.154070
-9.831802
-9.433601
-8.943270
-8.342133
-7.611528
-6.742226
-5.764781
-4.833749
-4.378522
-5.034072
-6.946730
-9.611185
-12.625738
-15.974824
-20.031287
-26.094894
-48.202887
-27.636153
-20.835518
-16.507947
-12.914032
-9.472034
-5.960856
-3.025660
-3.092913
-5.753248
-8.195628
-8.689732
-6.351823
-2.158846
1.413902
0.739264
-1.613753
-3.318300
-3.844611
-2.642647
0.390791
3.634041
4.217957
3.031935
1.902549
1.148529
0.699285
0.463301
0.371809
0.375514
0.438379
0.533430
0.640307
0.743890
0.833478
0.902205
0.946508
0.965547
0.960584
0.934360
0.890512
0.833094
0.766207
0.693755
0.619293
0.545964
0.476486
0.413174
0.357981
0.312546
0.278236
0.256181
0.247302
