-24.096969
-24.096936
-24.096902
-24.096868
-24.096832
-24.096796
-24.096759
-24.096720
-24.096681
-24.096640
-24.096598
-24.096555
-24.096511
-24.096466
-24.096419
-24.096371
-24.096322
-24.096272
-24.096220
-24.096166
-24.096111
-24.096055
-24.095997
-24.095937
-24.095876
-24.095813
-24.095748
-24.095682
-24.095613
-24.095543
-24.095471
-24.095396
-24.095320
-24.095242
-24.095161
-24.095078
-24.094993
-24.094906
-24.094816
-24.094723
-24.094628
-24.094530
-24.094430
-24.094327
-24.094221
-24.094112
-24.094000
-24.093885
-24.093766
-24.093645
-24.093520
-24.093391
-24.093259
-24.093124
-24.092984
-24.092841
-24.092693
-24.092542
-24.092386
-24.092226
-24.092062
-24.091893
-24.091719
-24.091541
-24.091357
-24.091169
-24.090975
-24.090776
-24.090571
-24.090361
-24.090144
-24.089922
-24.089694
-24.089459
-24.089217
-24.088969
-24.088714
-24.088452
-24.088183
-24.087906
-24.087622
-24.087329
-24.087029
-24.086720
-24.086402
-24.086076
-24.085741
-24.085396
-24.085042
-24.084678
-24.084303
-24.083919
-24.083523
-24.083117
-24.082700
-24.082270
-24.081829
-24.081376
-24.080910
-24.080431
-24.079938
-24.079432
-24.078912
-24.078378
-24.077828
-24.077264
-24.076683
-24.076087
-24.075474
-24.074844
-24.074196
-24.073531
-24.072846
-24.072143
-24.071420
-24.070678
-24.069914
-24.069129
-24.068323
-24.067494
-24.066642
-24.065766
-24.064866
-24.063941
-24.062990
-24.062013
-24.061009
-24.059976
-24.058915
-24.057825
-24.056704
-24.055551
-24.054367
-24.053150
-24.051899
-24.050613
-24.049292
-24.047934
-24.046537
-24.045103
-24.043628
-24.042112
-24.040554
-24.038952
-24.037306
-24.035614
-24.033875
-24.032088
-24.030251
-24.028363
-24.026422
-24.024428
-24.022377
-24.020270
-24.018104
-24.015878
-24.013589
-24.011237
-24.008820
-24.006335
-24.003781
-24.001156
-23.998457
-23.995684
-23.992833
-23.989903
-23.986892
-23.983796
-23.980614
-23.977343
-23.973982
-23.970526
-23.966975
-23.963324
-23.959572
-23.955714
-23.951750
-23.947675
-23.943486
-23.939180
-23.934755
-23.930205
-23.925529
-23.920723
-23.915782
-23.910704
-23.905483
-23.900117
-23.894601
-23.888932
-23.883104
-23.877113
-23.870954
-23.864624
-23.858117
-23.851428
-23.844552
-23.837484
-23.830218
-23.822749
-23.815071
-23.807179
-23.799065
-23.790725
-23.782151
-23.773337
-23.764277
-23.754962
-23.745387
-23.735543
-23.725424
-23.715021
-23.704326
-23.693331
-23.682028
-23.670408
-23.658462
-23.646180
-23.633553
-23.620572
-23.607226
-23.593505
-23.579398
-23.564894
-23.549982
-23.534650
-23.518887
-23.502680
-23.486016
-23.468882
-23.451266
-23.433152
-23.414527
-23.395376
-23.375685
-23.355436
-23.334616
-23.313206
-23.291191
-23.268552
-23.245271
-23.221331
-23.196712
-23.171394
-23.145358
-23.118581
-23.091043
-23.062722
-23.033595
-23.003638
-22.972827
-22.941137
-22.908542
-22.875016
-22.840532
-22.805060
-22.768573
-22.731040
-22.692430
-22.652711
-22.611851
-22.569815
-22.526569
-22.482076
-22.436299
-22.389199
-22.340737
-22.290872
-22.239562
-22.186762
-22.132427
-22.076512
-22.018968
-21.959744
-21.898790
-21.836053
-21.771477
-21.705006
-21.636581
-21.566142
-21.493625
-21.418965
-21.342096
-21.262947
-21.181447
-21.097522
-21.011093
-20.922081
-20.830402
-20.735972
-20.638701
-20.538496
-20.435262
-20.328899
-20.219304
-20.106370
-19.989987
-19.870037
-19.746402
-19.618957
-19.487572
-19.352111
-19.212435
-19.068398
-18.919847
-18.766623
-18.608562
-18.445490
-18.277229
-18.103590
-17.924378
-17.739387
-17.548404
-17.351205
-17.147554
-16.937208
-16.719908
-16.495384
-16.263355
-16.023521
-15.775572
-15.519179
-15.253995
-14.979657
-14.695781
-14.401961
-14.097770
-13.782754
-13.456434
-13.118304
-12.767824
-12.404422
-12.027490
-11.636380
-11.230402
-10.808818
-10.370840
-9.915623
-9.442261
-8.949780
-8.437132
-7.903188
-7.346727
-6.766427
-6.160854
-5.528450
-4.867520
-4.176213
-3.452506
-2.694185
-1.898822
-1.063753
-0.186058
0.737466
1.710314
2.736281
3.819441
4.964075
6.174531
7.454924
8.808591
10.237108
11.738593
13.304907
14.917411
16.541550
18.122525
19.588149
20.866971
21.920426
22.767181
23.475801
24.132579
24.811403
25.558323
26.384848
27.260613
28.103629
28.782741
29.163097
29.193940
28.953906
28.594643
28.257196
28.036187
27.982986
28.116768
28.427940
28.869221
29.335953
29.655318
29.637002
29.204016
28.466444
27.628811
26.866947
26.290626
25.959202
25.900460
26.113195
26.541875
27.007011
27.123339
26.443187
24.917725
22.894474
20.623012
18.086588
15.146219
11.749191
8.010006
4.111581
0.196812
-3.655247
-7.410128
-11.057031
-14.596159
-18.032401
-21.372428
-24.623436
-27.792619
-30.886968
-33.913206
-36.877796
-39.786967
-42.646765
-45.463106
-48.241855
-50.988901
-53.710262
-56.412205
-59.101399
-61.785113
-64.471480
-67.169852
-69.891317
-72.649434
-75.461373
-78.349708
-81.345426
-84.493281
-87.862123
-91.567065
-95.824788
-101.127990
-109.103608
-133.953634
-111.227701
-107.064075
-105.200423
-104.292995
-103.906794
-103.845390
-104.003268
-104.317214
-104.746395
-105.262926
-105.846931
-106.483756
-107.162291
-107.873913
-108.611797
-109.370444
-110.145358
-110.932811
-111.729670
-112.533274
-113.341339
-114.151881
-114.963160
-115.773637
-116.581937
-117.386820
-118.187156
-118.981911
-119.770125
-120.550902
-121.323399
-122.086816
-122.840387
-123.583377
-124.315068
-125.034763
-125.741775
-126.435427
-127.115042
-127.779948
-128.429470
-129.062925
-129.679624
-130.278868
-130.859945
-131.422125
-131.964663
-132.486793
-132.987727
-133.466650
-133.922722
-134.355073
-134.762801
-135.144968
-135.500598
-135.828677
-136.128146
-136.397898
-136.636778
-136.843574
-137.017020
-137.155785
-137.258471
-137.323610
-137.349657
