0.028471
0.029691
0.030946
0.032236
0.033562
0.034925
0.036326
0.037766
0.039246
0.040768
0.042333
0.043941
0.045594
0.047294
0.049041
0.050837
0.052684
0.054582
0.056533
0.058539
0.060602
0.062722
0.064902
0.067143
0.069447
0.071816
0.074251
0.076754
0.079328
0.081975
0.084695
0.087493
0.090369
0.093326
0.096366
0.099493
0.102707
0.106012
0.109410
0.112904
0.116496
0.120191
0.123989
0.127895
0.131912
0.136042
0.140289
0.144657
0.149148
0.153767
0.158516
0.163401
0.168424
0.173591
0.178904
0.184369
0.189989
0.195769
0.201715
0.207830
0.214119
0.220589
0.227244
0.234089
0.241131
0.248374
0.255826
0.263491
0.271377
0.279490
0.287837
0.296425
0.305261
0.314352
0.323707
0.333332
0.343237
0.353429
0.363917
0.374711
0.385820
0.397253
0.409020
0.421131
0.433598
0.446430
0.459640
0.473239
0.487239
0.501652
0.516492
0.531772
0.547506
0.563707
0.580392
0.597575
0.615272
0.633500
0.652275
0.671616
0.691540
0.712067
0.733217
0.755009
0.777465
0.800607
0.824458
0.849040
0.874380
0.900502
0.927432
0.955199
0.983831
1.013357
1.043808
1.075217
1.107617
1.141043
1.175530
1.211117
1.247842
1.285747
1.324875
1.365269
1.406976
1.450044
1.494523
1.540467
1.587930
1.636969
1.687644
1.740018
1.794156
1.850126
1.907999
1.967851
2.029759
2.093806
2.160075
2.228657
2.299645
2.373137
2.449235
2.528046
2.609681
2.694257
2.781896
2.872724
2.966875
3.064485
3.165698
3.270661
3.379529
3.492459
3.609614
3.731158
3.857260
3.988090
4.123815
4.264600
4.410606
4.561979
4.718854
4.881342
5.049522
5.223435
5.403064
5.588322
5.779029
5.974885
6.175439
6.380048
6.587831
6.797611
7.007852
7.216585
7.421335
7.619044
7.806013
7.977866
8.129571
8.255521
8.349726
8.406107
8.418890
8.383088
8.294973
8.152482
7.955446
7.705615
7.406444
7.062713
6.680055
6.264478
5.821946
5.358075
4.877927
4.385914
3.885769
3.380575
2.872822
2.364481
1.857078
1.351769
0.849402
0.350579
-0.144300
-0.634993
-1.121383
-1.603456
-2.081272
-2.554953
-3.024666
-3.490617
-3.953036
-4.412175
-4.868304
-5.321702
-5.772659
-6.221471
-6.668441
-7.113877
-7.558091
-8.001398
-8.444121
-8.886584
-9.329120
-9.772067
-10.215770
-10.660583
-11.106871
-11.555010
-12.005390
-12.458416
-12.914510
-13.374114
-13.837695
-14.305744
-14.778780
-15.257356
-15.742064
-16.233535
-16.732448
-17.239535
-17.755589
-18.281467
-18.818104
-19.366518
-19.927819
-20.503223
-21.094059
-21.701780
-22.327967
-22.974341
-23.642745
-24.335137
-25.053533
-25.799921
-26.576093
-27.383347
-28.221984
-29.090457
-29.983988
-30.892401
-31.797006
-32.666733
-33.455001
-34.100951
-34.540236
-34.726399
-34.652068
-34.352749
-33.889671
-33.326654
-32.715502
-32.092179
-31.479041
-30.888709
-30.327495
-29.797870
-29.300074
-28.833119
-28.395386
-27.984983
-27.599945
-27.238346
-26.898357
-26.578279
-26.276543
-25.991717
-25.722498
-25.467698
-25.226243
-24.997153
-24.779540
-24.572595
-24.375580
-24.187822
-24.008704
-23.837662
-23.674174
-23.517760
-23.367976
-23.224407
-23.086665
-22.954388
-22.827227
-22.704850
-22.586935
-22.473163
-22.363213
-22.256753
-22.153433
-22.052869
-21.954630
-21.858215
-21.763020
-21.668301
-21.573110
-21.476216
-21.375984
-21.270199
-21.155809
-21.028545
-20.882344
-20.708486
-20.494289
-20.221135
-19.861567
-19.375103
-18.702498
-17.758235
-16.420265
-14.511132
-11.743568
-7.514526
0.113210
4.782330
-3.908568
-7.839062
-10.100199
-11.560047
-12.559893
-13.267639
-13.777162
-14.145349
-14.408603
-14.591128
-14.709449
-14.775038
-14.795905
-14.777598
-14.723843
-14.636954
-14.518096
-14.367443
-14.184247
-13.966857
-13.712655
-13.417947
-13.077755
-12.685526
-12.232693
-11.708056
-11.096893
-10.379738
-9.530777
-8.516234
-7.294746
-5.828909
-4.146276
-2.573703
-2.132946
-3.624825
-6.150660
-8.744211
-11.119620
-13.261691
-15.211659
-17.013044
-18.701811
-20.306451
-21.849848
-23.351198
-24.827746
-26.296520
-27.776346
-29.290601
-30.871494
-32.567473
-34.457529
-36.682838
-39.531162
-43.740492
-52.593235
-53.707688
-43.224841
-38.162217
-34.575043
-31.650447
-29.076474
-26.697160
-24.420015
-22.182529
-19.938535
-17.654724
-15.317944
-12.963039
-10.738815
-8.989490
-8.138816
-8.239407
-8.895092
-9.712625
-10.496564
-11.182020
-11.758710
-12.234653
-12.622307
-12.933825
-13.179680
-13.368459
-13.507037
-13.600835
-13.654070
-13.669956
-13.650869
-13.598473
-13.513801
-13.397325
-13.248981
-13.068186
-12.853816
-12.604167
-12.316874
-11.988789
-11.615783
-11.192458
-10.711685
-10.163870
-9.535729
-8.808105
-7.951840
-6.919187
-5.623766
-3.885730
-1.241994
4.059224
15.571075
0.434364
-1.148834
1.238863
5.680917
12.777232
10.670127
4.635692
0.921715
-1.662503
-3.626480
-5.202149
-6.511974
-7.628008
-8.596124
-9.447323
-10.203558
-10.880972
-11.491809
-12.045597
-12.549918
-13.010920
-13.433667
-13.822393
-14.180676
-14.511579
-14.817741
-15.101460
-15.364749
-15.609379
-15.836922
-16.048777
-16.246193
-16.430291
-16.602077
-16.762462
-16.912265
-17.052230
-17.183030
-17.305276
-17.419524
-17.526278
-17.625995
-17.719092
-17.805946
-17.886899
-17.962261
-18.032309
-18.097294
-18.157441
-18.212946
-18.263985
-18.310709
-18.353245
-18.391702
-18.426162
-18.456691
-18.483327
-18.506089
-18.524970
-18.539941
-18.550942
-18.557887
-18.560657
