-0.013631
-0.013574
-0.013514
-0.013454
-0.013391
-0.013327
-0.013261
-0.013193
-0.013123
-0.013051
-0.012977
-0.012901
-0.012824
-0.012743
-0.012661
-0.012577
-0.012490
-0.012400
-0.012308
-0.012214
-0.012117
-0.012017
-0.011915
-0.011809
-0.011701
-0.011590
-0.011476
-0.011358
-0.011237
-0.011113
-0.010985
-0.010854
-0.010720
-0.010581
-0.010439
-0.010292
-0.010142
-0.009987
-0.009828
-0.009665
-0.009497
-0.009325
-0.009147
-0.008965
-0.008778
-0.008585
-0.008388
-0.008184
-0.007975
-0.007760
-0.007540
-0.007313
-0.007080
-0.006840
-0.006594
-0.006340
-0.006080
-0.005813
-0.005538
-0.005256
-0.004965
-0.004667
-0.004360
-0.004045
-0.003721
-0.003388
-0.003046
-0.002694
-0.002333
-0.001961
-0.001579
-0.001187
-0.000783
-0.000369
0.000057
0.000495
0.000945
0.001408
0.001883
0.002372
0.002874
0.003390
0.003920
0.004466
0.005026
0.005602
0.006194
0.006802
0.007427
0.008070
0.008730
0.009409
0.010106
0.010823
0.011560
0.012317
0.013096
0.013895
0.014717
0.015562
0.016431
0.017323
0.018240
0.019183
0.020152
0.021148
0.022171
0.023223
0.024304
0.025414
0.026556
0.027730
0.028935
0.030175
0.031449
0.032758
0.034103
0.035486
0.036907
0.038367
0.039868
0.041411
0.042996
0.044625
0.046300
0.048021
0.049789
0.051607
0.053475
0.055394
0.057367
0.059395
0.061478
0.063620
0.065820
0.068082
0.070406
0.072795
0.075250
0.077772
0.080365
0.083029
0.085767
0.088581
0.091472
0.094444
0.097498
0.100636
0.103861
0.107175
0.110581
0.114080
0.117677
0.121373
0.125171
0.129074
0.133084
0.137206
0.141441
0.145793
0.150265
0.154861
0.159583
0.164435
0.169421
0.174545
0.179809
0.185219
0.190778
0.196490
0.202358
0.208389
0.214585
0.220952
0.227493
0.234214
0.241120
0.248216
0.255506
0.262996
0.270692
0.278598
0.286722
0.295067
0.303641
0.312450
0.321500
0.330797
0.340348
0.350159
0.360239
0.370593
0.381229
0.392155
0.403379
0.414907
0.426749
0.438913
0.451406
0.464238
0.477418
0.490954
0.504856
0.519134
0.533797
0.548855
0.564318
0.580198
0.596503
0.613246
0.630438
0.648089
0.666212
0.684818
0.703919
0.723529
0.743658
0.764321
0.785529
0.807298
0.829639
0.852567
0.876095
0.900239
0.925012
0.950429
0.976504
1.003254
1.030692
1.058835
1.087697
1.117294
1.147643
1.178758
1.210655
1.243351
1.276860
1.311199
1.346384
1.382428
1.419349
1.457160
1.495876
1.535511
1.576079
1.617593
1.660065
1.703506
1.747928
1.793338
1.839747
1.887160
1.935582
1.985017
2.035467
2.086930
2.139403
2.192880
2.247351
2.302804
2.359221
2.416583
2.474862
2.534029
2.594046
2.654871
2.716453
2.778736
2.841654
2.905133
2.969087
3.033422
3.098033
3.162800
3.227592
3.292262
3.356651
3.420582
3.483860
3.546276
3.607599
3.667582
3.725957
3.782437
3.836715
3.888467
3.937346
3.982992
4.025027
4.063057
4.096680
4.125483
4.149049
4.166960
4.178802
4.184169
4.182672
4.173939
4.157627
4.133424
4.101055
4.060288
4.010939
3.952873
3.886011
3.810328
3.725855
3.632678
3.530938
3.420826
3.302579
3.176478
3.042841
2.902017
2.754381
2.600329
2.440269
2.274620
2.103803
1.928237
1.748338
1.564511
1.377147
1.186626
0.993307
0.797535
0.599630
0.399896
0.198614
-0.003955
-0.207571
-0.412015
-0.617087
-0.822608
-1.028417
-1.234372
-1.440348
-1.646237
-1.851949
-2.057407
-2.262554
-2.467343
-2.671747
-2.875751
-3.079355
-3.282575
-3.485442
-3.688003
-3.890322
-4.092482
-4.294584
-4.496751
-4.699131
-4.901896
-5.105251
-5.309432
-5.514718
-5.721433
-5.929955
-6.140726
-6.354267
-6.571190
-6.792220
-7.018217
-7.250212
-7.489443
-7.737411
-7.995948
-8.267308
-8.554292
-8.860416
-9.190142
-9.549206
-9.945095
-10.387734
-10.890549
-11.472119
-12.158885
-12.989839
-14.025205
-15.364138
-17.185962
-19.867864
-24.461498
-37.390080
-27.936520
-20.328548
-16.209833
-13.464099
-11.526364
-10.159514
-9.234223
-8.666736
-8.396954
-8.376714
-8.559253
-8.890052
-9.303710
-9.730589
-10.110798
-10.406868
-10.607198
-10.719819
-10.762301
-10.753557
-10.709535
-10.641998
-10.558910
-10.465356
-10.364469
-10.258210
-10.147965
-10.035030
-9.921020
-9.808270
-9.700259
-9.602075
-9.520928
-9.466642
-9.452004
-9.492739
-9.606791
-9.812641
-10.126650
-10.559920
-11.115709
-11.788477
-12.564971
-13.426826
-14.353548
-15.324932
-16.322457
-17.329754
-18.332448
-19.317702
-20.273744
-21.189520
-22.054616
-22.859448
-23.595738
-24.257144
-24.839889
-25.343190
-25.769333
-26.123332
-26.412266
-26.644442
-26.828579
-26.973120
-27.085774
-27.173253
-27.241182
-27.294145
-27.335806
-27.369101
-27.396490
-27.420296
-27.443206
-27.469074
-27.504290
-27.560307
-27.658490
-27.840013
-28.187086
-28.871490
-30.275245
-33.359888
-42.025385
-41.601930
-32.360611
-28.444467
-26.045469
-24.256749
-22.721272
-21.269705
-19.809193
-18.279503
-16.633086
-14.825605
-12.815038
-10.581031
-8.213732
-6.180539
-5.483178
-6.430794
-8.073300
-9.700672
-11.116467
-12.312797
-13.322955
-14.182135
-14.919463
-15.557660
-16.114237
-16.602731
-17.033699
-17.415450
-17.754590
-18.056410
-18.325174
-18.564339
-18.776706
-18.964547
-19.129690
-19.273591
-19.397383
-19.501916
-19.587780
-19.655324
-19.704666
-19.735689
-19.748034
