-0.050840
-0.051784
-0.052754
-0.053751
-0.054776
-0.055830
-0.056912
-0.058025
-0.059168
-0.060343
-0.061551
-0.062792
-0.064068
-0.065378
-0.066726
-0.068110
-0.069533
-0.070996
-0.072498
-0.074043
-0.075630
-0.077261
-0.078938
-0.080661
-0.082431
-0.084251
-0.086121
-0.088042
-0.090017
-0.092047
-0.094132
-0.096276
-0.098479
-0.100742
-0.103068
-0.105459
-0.107915
-0.110440
-0.113034
-0.115700
-0.118440
-0.121255
-0.124148
-0.127121
-0.130177
-0.133316
-0.136542
-0.139857
-0.143264
-0.146764
-0.150361
-0.154058
-0.157856
-0.161759
-0.165769
-0.169890
-0.174124
-0.178475
-0.182946
-0.187540
-0.192260
-0.197110
-0.202093
-0.207213
-0.212474
-0.217879
-0.223433
-0.229139
-0.235002
-0.241025
-0.247214
-0.253572
-0.260104
-0.266815
-0.273710
-0.280794
-0.288071
-0.295547
-0.303227
-0.311117
-0.319222
-0.327548
-0.336101
-0.344887
-0.353912
-0.363183
-0.372706
-0.382487
-0.392534
-0.402854
-0.413453
-0.424339
-0.435520
-0.447004
-0.458798
-0.470910
-0.483349
-0.496123
-0.509241
-0.522712
-0.536544
-0.550748
-0.565333
-0.580308
-0.595684
-0.611471
-0.627679
-0.644319
-0.661401
-0.678938
-0.696939
-0.715418
-0.734386
-0.753855
-0.773837
-0.794345
-0.815392
-0.836991
-0.859155
-0.881899
-0.905236
-0.929180
-0.953746
-0.978949
-1.004803
-1.031324
-1.058527
-1.086428
-1.115044
-1.144389
-1.174482
-1.205338
-1.236975
-1.269410
-1.302661
-1.336745
-1.371680
-1.407484
-1.444176
-1.481774
-1.520297
-1.559765
-1.600195
-1.641607
-1.684021
-1.727456
-1.771932
-1.817468
-1.864084
-1.911800
-1.960636
-2.010612
-2.061747
-2.114061
-2.167574
-2.222306
-2.278276
-2.335504
-2.394009
-2.453810
-2.514926
-2.577375
-2.641176
-2.706346
-2.772904
-2.840867
-2.910251
-2.981072
-3.053347
-3.127091
-3.202318
-3.279042
-3.357278
-3.437037
-3.518332
-3.601173
-3.685571
-3.771536
-3.859076
-3.948198
-4.038910
-4.131216
-4.225122
-4.320630
-4.417744
-4.516464
-4.616789
-4.718719
-4.822251
-4.927381
-5.034104
-5.142413
-5.252301
-5.363757
-5.476772
-5.591333
-5.707427
-5.825040
-5.944155
-6.064756
-6.186825
-6.310341
-6.435285
-6.561636
-6.689373
-6.818472
-6.948912
-7.080672
-7.213728
-7.348062
-7.483653
-7.620484
-7.758542
-7.897816
-8.038299
-8.179991
-8.322898
-8.467037
-8.612431
-8.759118
-8.907149
-9.056592
-9.207533
-9.360080
-9.514365
-9.670549
-9.828820
-9.989400
-10.152546
-10.318550
-10.487738
-10.660476
-10.837159
-11.018209
-11.204072
-11.395202
-11.592052
-11.795057
-12.004621
-12.221093
-12.444751
-12.675783
-12.914274
-13.160191
-13.413379
-13.673563
-13.940347
-14.213238
-14.491652
-14.774947
-15.062438
-15.353430
-15.647235
-15.943197
-16.240706
-16.539212
-16.838236
-17.137371
-17.436284
-17.734714
-18.032468
-18.329413
-18.625473
-18.920618
-19.214858
-19.508236
-19.800822
-20.092709
-20.384003
-20.674823
-20.965295
-21.255552
-21.545729
-21.835959
-22.126377
-22.417116
-22.708304
-23.000069
-23.292532
-23.585813
-23.880027
-24.175285
-24.471694
-24.769358
-25.068380
-25.368856
-25.670882
-25.974552
-26.279955
-26.587182
-26.896320
-27.207455
-27.520672
-27.836057
-28.153693
-28.473665
-28.796057
-29.120953
-29.448437
-29.778596
-30.111514
-30.447280
-30.785982
-31.127709
-31.472552
-31.820604
-32.171959
-32.526714
-32.884966
-33.246816
-33.612365
-33.981718
-34.354980
-34.732261
-35.113670
-35.499319
-35.889321
-36.283793
-36.682851
-37.086611
-37.495192
-37.908711
-38.327285
-38.751028
-39.180052
-39.614463
-40.054364
-40.499848
-40.950998
-41.407883
-41.870558
-42.339056
-42.813383
-43.293517
-43.779398
-44.270920
-44.767924
-45.270187
-45.777410
-46.289206
-46.805086
-47.324441
-47.846530
-48.370460
-48.895171
-49.419423
-49.941789
-50.460646
-50.974183
-51.480423
-51.977248
-52.462454
-52.933818
-53.389189
-53.826585
-54.244306
-54.641047
-55.015996
-55.368913
-55.700172
-56.010776
-56.302321
-56.576943
-56.837225
-57.086105
-57.326774
-57.562584
-57.796980
-58.033439
-58.275445
-58.526478
-58.790032
-59.069645
-59.368958
-59.691791
-60.042247
-60.424841
-60.844672
-61.307653
-61.820818
-62.392751
-63.034212
-63.759057
-64.585688
-65.539403
-66.656464
-67.991642
-69.633566
-71.740209
-74.637865
-79.201098
-90.019178
-86.229969
-77.627054
-73.301759
-70.365228
-68.127395
-66.312074
-64.780511
-63.453030
-62.279610
-61.226769
-60.270982
-59.395083
-58.586150
-57.834213
-57.131410
-56.471432
-55.849136
-55.260269
-54.701277
-54.169155
-53.661339
-53.175624
-52.710095
-52.263083
-51.833121
-51.418911
-51.019302
-50.633264
-50.259874
-49.898302
-49.547795
-49.207671
-48.877309
-48.556141
-48.243646
-47.939345
-47.642798
-47.353596
-47.071360
-46.795740
-46.526407
-46.263055
-46.005398
-45.753166
-45.506105
-45.263976
-45.026551
-44.793614
-44.564960
-44.340390
-44.119715
-43.902751
-43.689320
-43.479247
-43.272361
-43.068493
-42.867471
-42.669127
-42.473285
-42.279769
-42.088392
-41.898961
-41.711270
-41.525096
-41.340201
-41.156317
-40.973150
-40.790364
-40.607579
-40.424353
-40.240169
-40.054414
-39.866354
-39.675099
-39.479553
-39.278354
-39.069782
-38.851636
-38.621059
-38.374273
-38.106205
-37.809903
-37.475660
-37.089644
-36.631790
-36.072663
-35.369486
-34.464534
-33.303625
-31.950528
-30.957117
-31.361974
-32.889907
-34.303565
-35.128911
-35.402837
-35.241001
-34.708571
-33.807947
-32.495134
-30.719885
-28.560005
-26.626109
-26.205906
-27.333236
-28.742148
-29.793075
-30.325559
-30.200321
-29.043140
-26.469530
-27.097447
-31.080155
-33.236648
-34.239952
-34.744177
-35.019294
-35.174817
-35.257748
-35.288058
