0.066585
0.068864
0.071204
0.073609
0.076079
0.078616
0.081222
0.083899
0.086649
0.089474
0.092375
0.095355
0.098416
0.101560
0.104788
0.108104
0.111510
0.115008
0.118600
0.122289
0.126078
0.129968
0.133963
0.138066
0.142279
0.146604
0.151046
0.155607
0.160289
0.165097
0.170033
0.175101
0.180303
0.185645
0.191128
0.196756
0.202534
0.208465
0.214552
0.220800
0.227213
0.233795
0.240550
0.247482
0.254596
0.261897
0.269387
0.277074
0.284960
0.293052
0.301353
0.309870
0.318606
0.327569
0.336762
0.346191
0.355862
0.365780
0.375952
0.386383
0.397080
0.408047
0.419292
0.430821
0.442640
0.454756
0.467175
0.479905
0.492951
0.506322
0.520023
0.534063
0.548449
0.563187
0.578286
0.593753
0.609595
0.625821
0.642439
0.659456
0.676880
0.694720
0.712984
0.731681
0.750818
0.770404
0.790448
0.810959
0.831945
0.853415
0.875377
0.897842
0.920818
0.944313
0.968337
0.992899
1.018009
1.043675
1.069906
1.096712
1.124102
1.152085
1.180671
1.209868
1.239686
1.270134
1.301221
1.332956
1.365349
1.398408
1.432142
1.466560
1.501672
1.537485
1.574008
1.611250
1.649220
1.687925
1.727374
1.767575
1.808536
1.850264
1.892768
1.936054
1.980130
2.025004
2.070681
2.117170
2.164476
2.212605
2.261565
2.311361
2.361999
2.413484
2.465821
2.519016
2.573074
2.627998
2.683795
2.740467
2.798018
2.856453
2.915774
2.975985
3.037088
3.099087
3.161984
3.225781
3.290479
3.356082
3.422589
3.490003
3.558325
3.627554
3.697693
3.768740
3.840698
3.913564
3.987340
4.062025
4.137618
4.214119
4.291527
4.369840
4.449058
4.529180
4.610204
4.692128
4.774951
4.858672
4.943289
5.028799
5.115201
5.202494
5.290675
5.379743
5.469696
5.560532
5.652249
5.744845
5.838320
5.932670
6.027896
6.123995
6.220967
6.318809
6.417523
6.517106
6.617558
6.718879
6.821068
6.924127
7.028055
7.132853
7.238523
7.345064
7.452480
7.560772
7.669942
7.779993
7.890928
8.002752
8.115467
8.229079
8.343593
8.459013
8.575346
8.692599
8.810779
8.929894
9.049951
9.170961
9.292933
9.415877
9.539806
9.664729
9.790662
9.917617
10.045608
10.174652
10.304765
10.435964
10.568268
10.701696
10.836269
10.972009
11.108939
11.247084
11.386469
11.527121
11.669070
11.812345
11.956979
12.103005
12.250458
12.399376
12.549798
12.701765
12.855322
13.010514
13.167390
13.326000
13.486399
13.648643
13.812793
13.978911
14.147063
14.317322
14.489759
14.664455
14.841492
15.020958
15.202945
15.387552
15.574884
15.765051
15.958170
16.154366
16.353771
16.556526
16.762782
16.972698
17.186446
17.404208
17.626179
17.852568
18.083600
18.319516
18.560575
18.807056
19.059260
19.317513
19.582167
19.853604
20.132240
20.418527
20.712958
21.016073
21.328465
21.650782
21.983743
22.328137
22.684842
23.054832
23.439191
23.839132
24.256012
24.691359
25.146894
25.624558
26.126554
26.655373
27.213837
27.805134
28.432839
29.100903
29.813582
30.575218
31.389747
32.259652
33.183864
34.153707
35.145553
36.109131
36.954154
37.549590
37.762455
37.535664
36.931501
36.084474
35.124165
34.138772
33.177002
32.261554
31.400616
30.595024
29.842192
29.138152
28.478561
27.859179
27.276072
26.725690
26.204865
25.710795
25.241005
24.793313
24.365789
23.956725
23.564607
23.188088
22.825964
22.477161
22.140712
21.815748
21.501485
21.197214
20.902289
20.616126
20.338189
20.067990
19.805083
19.549056
19.299532
19.056162
18.818625
18.586624
18.359883
18.138147
17.921179
17.708756
17.500673
17.296739
17.096771
16.900604
16.708079
16.519047
16.333372
16.150921
15.971572
15.795209
15.621724
15.451013
15.282978
15.117529
14.954577
14.794040
14.635840
14.479902
14.326156
14.174535
14.024974
13.877413
13.731792
13.588058
13.446156
13.306036
13.167649
13.030949
12.895890
12.762429
12.630526
12.500141
12.371234
12.243769
12.117710
11.993022
11.869672
11.747627
11.626856
11.507327
11.389013
11.271883
11.155909
11.041065
10.927324
10.814659
10.703047
10.592464
10.482885
10.374289
10.266654
10.159959
10.054186
9.949316
9.845333
9.742222
9.639968
9.538562
9.437993
9.338257
9.239350
9.141272
9.044030
8.947633
8.852098
8.757447
8.663712
8.570934
8.479166
8.388472
8.298934
8.210651
8.123745
8.038364
7.954686
7.872926
7.793342
7.716243
7.642003
7.571066
7.503968
7.441349
7.383977
7.332776
7.288854
7.253543
7.228446
7.215493
7.217010
7.235795
7.275216
7.339308
7.432873
7.561529
7.731612
7.949618
8.220285
8.540555
8.880148
9.116699
8.823866
6.760378
0.224618
-17.642625
0.054609
4.560477
7.277472
9.451236
11.502390
13.655918
16.098424
19.043780
22.664217
25.822194
24.398133
20.806755
17.762262
15.352268
13.499299
12.544102
13.619578
17.209696
19.310706
17.529450
15.452780
13.967511
13.124174
13.222659
14.874079
18.239765
21.735766
22.516774
21.487633
20.485265
19.835555
19.473005
19.309811
19.279970
19.336287
19.444343
19.578430
19.719194
19.852317
19.967747
20.059150
20.123397
20.160009
20.170548
20.158005
20.126225
20.079439
20.021897
19.957625
19.890282
19.823096
19.758856
19.699929
19.648314
19.605675
19.573397
19.552617
19.544243
