0.001328
0.001833
0.002351
0.002884
0.003432
0.003996
0.004574
0.005169
0.005781
0.006409
0.007055
0.007720
0.008402
0.009104
0.009825
0.010566
0.011328
0.012111
0.012916
0.013743
0.014593
0.015467
0.016366
0.017289
0.018239
0.019214
0.020217
0.021248
0.022307
0.023397
0.024516
0.025667
0.026850
0.028065
0.029315
0.030600
0.031920
0.033278
0.034673
0.036107
0.037581
0.039097
0.040654
0.042256
0.043902
0.045594
0.047333
0.049121
0.050959
0.052848
0.054790
0.056786
0.058838
0.060948
0.063117
0.065346
0.067638
0.069994
0.072416
0.074906
0.077465
0.080097
0.082802
0.085583
0.088442
0.091381
0.094403
0.097509
0.100703
0.103986
0.107362
0.110832
0.114400
0.118069
0.121840
0.125718
0.129705
0.133804
0.138019
0.142352
0.146808
0.151389
0.156100
0.160943
0.165924
0.171045
0.176311
0.181725
0.187293
0.193019
0.198907
0.204961
0.211187
0.217590
0.224175
0.230947
0.237911
0.245073
0.252439
0.260015
0.267807
0.275821
0.284063
0.292541
0.301262
0.310232
0.319458
0.328949
0.338712
0.348756
0.359088
0.369717
0.380652
0.391902
0.403477
0.415386
0.427640
0.440247
0.453221
0.466570
0.480307
0.494444
0.508993
0.523965
0.539375
0.555236
0.571561
0.588364
0.605662
0.623468
0.641799
0.660671
0.680102
0.700108
0.720708
0.741920
0.763765
0.786262
0.809432
0.833297
0.857879
0.883202
0.909289
0.936167
0.963860
0.992395
1.021802
1.052108
1.083343
1.115541
1.148732
1.182951
1.218233
1.254615
1.292135
1.330834
1.370751
1.411932
1.454420
1.498264
1.543511
1.590214
1.638426
1.688203
1.739604
1.792690
1.847526
1.904178
1.962719
2.023221
2.085762
2.150425
2.217296
2.286464
2.358026
2.432082
2.508738
2.588106
2.670305
2.755459
2.843702
2.935174
3.030025
3.128413
3.230508
3.336489
3.446549
3.560892
3.679739
3.803324
3.931900
4.065739
4.205134
4.350400
4.501878
4.659940
4.824986
4.997454
5.177823
5.366614
5.564402
5.771819
5.989560
6.218400
6.459198
6.712914
6.980622
7.263537
7.563029
7.880659
8.218216
8.577756
8.961668
9.372741
9.814263
10.290143
10.805080
11.364782
11.976278
12.648345
13.392119
14.221993
15.156938
16.222513
17.453882
18.900160
20.629096
22.722531
25.201032
27.573980
27.961983
25.779176
23.049478
20.648604
18.634135
16.927807
15.455801
14.163568
13.012096
11.973206
11.026132
10.155234
9.348488
8.596479
7.891709
7.228117
6.600741
6.005470
5.438861
4.898005
4.380421
3.883977
3.406830
2.947373
2.504198
2.076067
1.661879
1.260659
0.871531
0.493710
0.126489
-0.230773
-0.578660
-0.917704
-1.248392
-1.571171
-1.886456
-2.194629
-2.496045
-2.791038
-3.079917
-3.362973
-3.640480
-3.912699
-4.179875
-4.442239
-4.700015
-4.953412
-5.202633
-5.447868
-5.689302
-5.927107
-6.161449
-6.392483
-6.620356
-6.845204
-7.067151
-7.286311
-7.502781
-7.716648
-7.927978
-8.136822
-8.343208
-8.547142
-8.748605
-8.947549
-9.143895
-9.337528
-9.528298
-9.716010
-9.900425
-10.081251
-10.258144
-10.430698
-10.598440
-10.760826
-10.917233
-11.066948
-11.209162
-11.342957
-11.467296
-11.581001
-11.682741
-11.771005
-11.844071
-11.899977
-11.936468
-11.950939
-11.940365
-11.901193
-11.829220
-11.719407
-11.565641
-11.360389
-11.094205
-10.755001
-10.326930
-9.788605
-9.110129
-8.247822
-7.134144
-5.656404
-3.605323
-0.524515
4.849260
11.316115
2.251488
-3.368079
-7.111217
-9.962033
-12.296457
-14.293899
-16.053302
-17.634782
-19.077467
-20.408143
-21.645861
-22.804574
-23.894721
-24.924240
-25.899222
-26.824358
-27.703245
-28.538599
-29.332405
-30.086023
-30.800252
-31.475377
-32.111185
-32.706962
-33.261464
-33.772874
-34.238717
-34.655746
-35.019776
-35.325447
-35.565886
-35.732208
-35.812780
-35.792081
-35.648877
-35.353153
-34.860624
-34.102122
-32.960770
-31.215056
-28.360526
-22.774579
-13.117296
-26.494177
-32.642354
-36.718021
-39.861746
-42.470901
-44.729754
-46.738464
-48.557228
-50.224768
-51.767188
-53.202636
-54.543946
-55.800210
-56.977744
-58.080698
-59.111424
-60.070687
-60.957746
-61.770322
-62.504453
-63.154199
-63.711163
-64.163716
-64.495761
-64.684707
-64.697988
-64.486731
-63.973246
-63.023415
-61.375345
-58.404351
-51.989260
-49.987760
-60.160394
-65.728596
-69.675889
-72.807645
-75.435547
-77.709430
-79.709986
-81.482503
-83.051111
-84.425017
-85.600599
-86.560484
-87.269116
-87.662202
-87.622278
-86.915093
-84.979919
-79.819243
-72.188946
-87.336088
-94.302272
-99.313605
-103.431559
-107.031992
-110.292176
-113.310135
-116.145949
-118.839218
-121.417503
-123.900823
-126.304233
-128.639389
-130.915552
-133.140247
-135.319722
-137.459262
-139.563420
-141.636191
-143.681124
-145.701422
-147.700007
-149.679560
-151.642562
-153.591307
-155.527915
-157.454331
-159.372318
-161.283448
-163.189079
-165.090339
-166.988096
-168.882937
-170.775137
-172.664640
-174.551034
-176.433544
-178.311021
-180.181953
-182.044474
-183.896383
-185.735160
-187.557965
-189.361620
-191.142555
-192.896726
-194.619531
-196.305760
-197.949661
-199.545202
-201.086608
-202.569175
-203.990267
-205.350275
-206.653259
-207.907051
-209.122756
-210.313817
-211.494895
-212.680859
-213.886075
-215.124067
-216.407574
-217.748993
-219.161239
-220.659141
-222.261629
-223.995213
-225.899803
-228.039218
-230.522528
-233.555053
-237.593158
-244.059427
-275.393413
-245.821861
-240.373654
-237.599262
-235.984364
-235.089656
-234.754603
