-0.015079
-0.015072
-0.015065
-0.015058
-0.015050
-0.015043
-0.015035
-0.015027
-0.015018
-0.015010
-0.015001
-0.014992
-0.014983
-0.014973
-0.014964
-0.014954
-0.014943
-0.014933
-0.014922
-0.014911
-0.014899
-0.014887
-0.014875
-0.014863
-0.014850
-0.014836
-0.014823
-0.014809
-0.014795
-0.014780
-0.014765
-0.014749
-0.014733
-0.014717
-0.014700
-0.014682
-0.014665
-0.014646
-0.014627
-0.014608
-0.014588
-0.014568
-0.014547
-0.014525
-0.014503
-0.014480
-0.014456
-0.014432
-0.014407
-0.014382
-0.014356
-0.014329
-0.014301
-0.014273
-0.014243
-0.014213
-0.014183
-0.014151
-0.014118
-0.014085
-0.014050
-0.014015
-0.013978
-0.013941
-0.013902
-0.013863
-0.013822
-0.013780
-0.013738
-0.013693
-0.013648
-0.013602
-0.013554
-0.013504
-0.013454
-0.013402
-0.013348
-0.013293
-0.013237
-0.013179
-0.013119
-0.013058
-0.012995
-0.012930
-0.012864
-0.012795
-0.012725
-0.012653
-0.012578
-0.012502
-0.012424
-0.012343
-0.012260
-0.012175
-0.012087
-0.011998
-0.011905
-0.011810
-0.011712
-0.011612
-0.011509
-0.011403
-0.011294
-0.011182
-0.011066
-0.010948
-0.010826
-0.010701
-0.010573
-0.010441
-0.010305
-0.010165
-0.010022
-0.009875
-0.009723
-0.009567
-0.009407
-0.009243
-0.009074
-0.008900
-0.008722
-0.008538
-0.008349
-0.008155
-0.007956
-0.007751
-0.007541
-0.007324
-0.007102
-0.006873
-0.006638
-0.006397
-0.006149
-0.005894
-0.005631
-0.005362
-0.005085
-0.004800
-0.004508
-0.004207
-0.003898
-0.003580
-0.003253
-0.002918
-0.002573
-0.002218
-0.001854
-0.001479
-0.001094
-0.000699
-0.000292
0.000126
0.000556
0.000998
0.001451
0.001918
0.002398
0.002890
0.003397
0.003918
0.004453
0.005003
0.005568
0.006150
0.006747
0.007361
0.007992
0.008641
0.009307
0.009993
0.010697
0.011421
0.012165
0.012930
0.013716
0.014524
0.015355
0.016209
0.017086
0.017988
0.018915
0.019868
0.020848
0.021855
0.022889
0.023953
0.025047
0.026171
0.027326
0.028513
0.029734
0.030989
0.032278
0.033604
0.034967
0.036368
0.037807
0.039287
0.040809
0.042373
0.043980
0.045633
0.047331
0.049077
0.050872
0.052717
0.054614
0.056563
0.058568
0.060628
0.062746
0.064923
0.067161
0.069462
0.071827
0.074258
0.076758
0.079327
0.081969
0.084684
0.087476
0.090346
0.093296
0.096330
0.099448
0.102654
0.105950
0.109338
0.112822
0.116404
0.120086
0.123872
0.127765
0.131767
0.135881
0.140112
0.144461
0.148934
0.153532
0.158260
0.163122
0.168120
0.173260
0.178546
0.183980
0.189568
0.195315
0.201224
0.207300
0.213549
0.219975
0.226583
0.233379
0.240368
0.247555
0.254947
0.262549
0.270368
0.278410
0.286680
0.295187
0.303937
0.312937
0.322195
0.331717
0.341512
0.351589
0.361954
0.372617
0.383587
0.394872
0.406483
0.418429
0.430719
0.443365
0.456376
0.469764
0.483541
0.497718
0.512306
0.527320
0.542771
0.558673
0.575039
0.591885
0.609224
0.627073
0.645446
0.664360
0.683832
0.703879
0.724520
0.745773
0.767657
0.790192
0.813399
0.837300
0.861917
0.887272
0.913389
0.940294
0.968011
0.996567
1.025991
1.056310
1.087554
1.119754
1.152942
1.187151
1.222415
1.258771
1.296256
1.334908
1.374768
1.415878
1.458281
1.502024
1.547153
1.593719
1.641771
1.691366
1.742558
1.795406
1.849971
1.906318
1.964513
2.024627
2.086732
2.150906
2.217228
2.285784
2.356661
2.429953
2.505757
2.584176
2.665317
2.749294
2.836227
2.926242
3.019471
3.116057
3.216145
3.319895
3.427472
3.539053
3.654824
3.774984
3.899744
4.029329
4.163977
4.303945
4.449505
4.600949
4.758589
4.922760
5.093823
5.272164
5.458202
5.652386
5.855205
6.067187
6.288905
6.520984
6.764104
7.019012
7.286522
7.567531
7.863029
8.174108
8.501981
8.847997
9.213664
9.600673
10.010928
10.446584
10.910094
11.404259
11.932306
12.497968
13.105600
13.760320
14.468199
15.236506
16.074044
16.991610
18.002636
19.124121
20.378008
21.793303
23.409480
25.282276
27.494243
30.175959
33.554984
38.095960
45.087664
61.151343
50.056862
44.511045
39.373387
33.997473
29.125314
24.870669
21.114275
17.725305
14.598220
11.649390
8.808465
6.009980
3.184638
0.247824
-2.919515
-6.507725
-10.843925
-16.240574
-19.088605
-15.493121
-12.174042
-9.824712
-8.041565
-6.568389
-5.248050
-3.968252
-2.631251
-1.133905
0.644721
2.811320
5.102876
5.540463
2.596497
-1.241704
-4.785288
-8.016231
-11.085580
-14.151182
-17.388108
-21.037981
-25.480581
-30.801968
-31.708489
-27.591304
-24.245371
-21.715692
-19.603112
-17.643398
-15.631713
-13.360089
-10.603518
-7.541771
-7.157554
-11.010293
-15.210218
-18.885997
-22.227659
-25.464688
-28.817119
-32.557019
-37.084739
-42.313488
-42.356436
-38.044237
-34.509431
-31.575239
-28.732039
-25.486777
-21.428869
-19.867504
-25.075706
-30.381560
-35.031704
-39.590776
-44.624923
-50.432986
-52.418155
-48.664556
-45.415190
-42.915776
-40.780814
-38.964177
-38.299275
-40.368670
-44.631931
-49.757252
-55.626060
-62.207526
-64.011458
-61.125528
-59.102852
-57.970795
-57.394263
-57.185391
-57.242248
-57.507649
-57.949437
-58.550972
-59.306561
-60.219582
-61.302463
-62.578491
-64.086215
-65.888726
-68.093945
-70.904844
-74.773792
-81.117694
-112.369021
-82.746573
-77.271060
-74.485185
-72.867805
-71.974195
-71.640164
