-0.006921
-0.006646
-0.006364
-0.006074
-0.005776
-0.005469
-0.005154
-0.004830
-0.004497
-0.004155
-0.003804
-0.003442
-0.003071
-0.002689
-0.002297
-0.001893
-0.001479
-0.001053
-0.000615
-0.000164
0.000298
0.000774
0.001263
0.001765
0.002282
0.002813
0.003358
0.003919
0.004495
0.005088
0.005697
0.006323
0.006967
0.007628
0.008308
0.009007
0.009725
0.010463
0.011222
0.012002
0.012804
0.013628
0.014475
0.015346
0.016241
0.017161
0.018107
0.019079
0.020078
0.021105
0.022161
0.023246
0.024362
0.025509
0.026688
0.027900
0.029145
0.030426
0.031742
0.033095
0.034486
0.035916
0.037386
0.038896
0.040450
0.042046
0.043688
0.045375
0.047110
0.048893
0.050726
0.052611
0.054548
0.056540
0.058587
0.060692
0.062856
0.065081
0.067368
0.069720
0.072137
0.074623
0.077178
0.079805
0.082507
0.085284
0.088139
0.091075
0.094093
0.097196
0.100387
0.103668
0.107042
0.110510
0.114077
0.117744
0.121515
0.125393
0.129380
0.133481
0.137697
0.142033
0.146491
0.151077
0.155792
0.160641
0.165628
0.170757
0.176031
0.181456
0.187035
0.192774
0.198676
0.204746
0.210990
0.217413
0.224019
0.230815
0.237805
0.244996
0.252393
0.260003
0.267831
0.275886
0.284172
0.292697
0.301469
0.310494
0.319780
0.329336
0.339169
0.349287
0.359700
0.370416
0.381444
0.392794
0.404477
0.416501
0.428878
0.441619
0.454734
0.468236
0.482136
0.496447
0.511181
0.526353
0.541976
0.558064
0.574632
0.591696
0.609270
0.627372
0.646019
0.665228
0.685018
0.705407
0.726416
0.748064
0.770373
0.793365
0.817062
0.841490
0.866671
0.892632
0.919399
0.947000
0.975465
1.004822
1.035103
1.066341
1.098569
1.131823
1.166140
1.201558
1.238116
1.275858
1.314826
1.355066
1.396625
1.439555
1.483907
1.529735
1.577097
1.626052
1.676665
1.729001
1.783128
1.839121
1.897056
1.957012
2.019076
2.083337
2.149889
2.218831
2.290268
2.364312
2.441081
2.520698
2.603296
2.689014
2.778002
2.870417
2.966427
3.066213
3.169965
3.277888
3.390201
3.507138
3.628950
3.755908
3.888302
4.026447
4.170680
4.321368
4.478909
4.643734
4.816314
4.997161
5.186837
5.385960
5.595205
5.815323
6.047142
6.291583
6.549673
6.822562
7.111545
7.418081
7.743833
8.090696
8.460848
8.856808
9.281510
9.738399
10.231552
10.765845
11.347166
11.982707
12.681363
13.454279
14.315602
15.283517
16.381581
17.640145
19.096626
20.789096
22.720879
24.718177
26.078350
25.758111
24.016335
21.928589
19.997948
18.318215
16.869079
15.612258
14.513599
13.546323
12.690152
11.929881
11.254151
10.654544
10.124929
9.661015
9.260042
8.920591
8.642469
8.426687
8.275495
8.192519
8.182983
8.254087
8.415587
8.680703
9.067577
9.601675
10.319977
11.278732
12.569129
14.352682
16.954194
21.150686
28.073920
23.430262
17.048811
12.954879
9.948819
7.553271
5.547814
3.813976
2.280911
0.902858
-0.351505
-1.504602
-2.573074
-3.569629
-4.504195
-5.384670
-6.217427
-7.007656
-7.759605
-8.476759
-9.161963
-9.817510
-10.445215
-11.046465
-11.622252
-12.173211
-12.699637
-13.201512
-13.678523
-14.130090
-14.555391
-14.953397
-15.322916
-15.662641
-15.971213
-16.247280
-16.489572
-16.696961
-16.868528
-17.003607
-17.101818
-17.163078
-17.187584
-17.175781
-17.128305
-17.045908
-16.929372
-16.779420
-16.596615
-16.381261
-16.133296
-15.852185
-15.536784
-15.185197
-14.794579
-14.360877
-13.878481
-13.339699
-12.733994
-12.046785
-11.257535
-10.336488
-9.238822
-7.893227
-6.177078
-3.853469
-0.367697
6.180357
14.483719
1.815825
-3.659835
-7.189089
-9.783027
-11.774144
-13.290760
-14.382196
-15.071438
-15.382902
-15.352594
-15.023693
-14.435027
-13.609941
-12.547804
-11.215072
-9.528200
-7.310229
-4.157582
1.136224
16.134066
2.792018
-3.833857
-7.611404
-10.202448
-12.079897
-13.426567
-14.324217
-14.818165
-14.943509
-14.732163
-14.208476
-13.379001
-12.218365
-10.646203
-8.475205
-5.254036
0.451431
18.662547
0.506879
-5.276731
-8.265612
-9.865136
-10.527112
-10.489505
-9.904871
-8.857551
-7.357881
-5.319530
-2.481280
1.907605
11.353660
11.030026
1.715584
-2.713477
-5.651564
-7.859950
-9.635754
-11.126092
-12.414572
-13.553238
-14.576653
-15.508919
-16.367498
-17.165427
-17.912697
-18.617120
-19.284922
-19.921138
-20.529900
-21.114637
-21.678229
-22.223114
-22.751379
-23.264824
-23.765009
-24.253301
-24.730904
-25.198884
-25.658189
-26.109672
-26.554100
-26.992167
-27.424506
-27.851695
-28.274266
-28.692712
-29.107488
-29.519021
-29.927709
-30.333928
-30.738035
-31.140367
-31.541248
-31.940989
-32.339889
-32.738240
-33.136323
-33.534418
-33.932796
-34.331729
-34.731484
-35.132330
-35.534535
-35.938371
-36.344110
-36.752033
-37.162423
-37.575572
-37.991781
-38.411358
-38.834627
-39.261921
-39.693591
-40.130003
-40.571543
-41.018617
-41.471657
-41.931120
-42.397495
-42.871302
-43.353102
-43.843495
-44.343132
-44.852715
-45.373008
-45.904845
-46.449136
-47.006883
-47.579189
-48.167276
-48.772502
-49.396383
-50.040623
-50.707143
-51.398125
-52.116059
-52.863811
-53.644702
-54.462615
-55.322130
-56.228710
-57.188955
-58.210944
-59.304735
-60.483093
-61.762590
-63.165351
-64.721951
-66.476515
-68.496458
-70.893095
-73.872072
-77.887873
-84.359063
-115.719402
-86.188660
-80.788243
-78.061296
-76.486884
-75.620254
-75.296952
