0.339049
0.349099
0.359441
0.370081
0.381031
0.392298
0.403893
0.415825
0.428105
0.440744
0.453752
0.467140
0.480921
0.495106
0.509709
0.524741
0.540217
0.556150
0.572554
0.589445
0.606838
0.624748
0.643192
0.662187
0.681751
0.701902
0.722659
0.744042
0.766070
0.788766
0.812150
0.836246
0.861077
0.886668
0.913044
0.940231
0.968257
0.997151
1.026942
1.057661
1.089339
1.122011
1.155711
1.190475
1.226342
1.263349
1.301539
1.340954
1.381638
1.423639
1.467005
1.511786
1.558036
1.605811
1.655168
1.706169
1.758878
1.813361
1.869689
1.927935
1.988177
2.050496
2.114977
2.181711
2.250792
2.322321
2.396401
2.473145
2.552669
2.635098
2.720561
2.809199
2.901158
2.996593
3.095671
3.198565
3.305463
3.416563
3.532077
3.652229
3.777260
3.907425
4.042999
4.184275
4.331565
4.485206
4.645557
4.813002
4.987954
5.170857
5.362184
5.562442
5.772175
5.991961
6.222417
6.464195
6.717981
6.984492
7.264463
7.558637
7.867740
8.192447
8.533330
8.890781
9.264897
9.655318
10.060988
10.479827
10.908281
11.340722
11.768724
12.180274
12.559121
12.884662
13.132940
13.279289
13.302652
13.190478
12.942146
12.569153
12.091932
11.535008
10.922555
10.275571
9.610740
8.940468
8.273496
7.615692
6.970785
6.340978
5.727409
5.130496
4.550178
3.986087
3.437665
2.904244
2.385101
1.879495
1.386689
0.905963
0.436630
-0.021967
-0.470447
-0.909393
-1.339350
-1.760830
-2.174310
-2.580234
-2.979018
-3.371050
-3.756690
-4.136278
-4.510127
-4.878532
-5.241769
-5.600094
-5.953751
-6.302964
-6.647946
-6.988897
-7.326003
-7.659441
-7.989376
-8.315966
-8.639356
-8.959688
-9.277090
-9.591689
-9.903601
-10.212938
-10.519804
-10.824301
-11.126522
-11.426558
-11.724494
-12.020411
-12.314387
-12.606495
-12.896805
-13.185384
-13.472296
-13.757602
-14.041358
-14.323622
-14.604444
-14.883877
-15.161968
-15.438763
-15.714306
-15.988641
-16.261806
-16.533842
-16.804785
-17.074670
-17.343532
-17.611404
-17.878318
-18.144302
-18.409386
-18.673598
-18.936964
-19.199511
-19.461262
-19.722241
-19.982471
-20.241974
-20.500770
-20.758880
-21.016323
-21.273117
-21.529281
-21.784830
-22.039783
-22.294154
-22.547959
-22.801213
-23.053929
-23.306120
-23.557800
-23.808981
-24.059675
-24.309893
-24.559646
-24.808944
-25.057798
-25.306217
-25.554209
-25.801784
-26.048951
-26.295716
-26.542087
-26.788071
-27.033676
-27.278908
-27.523772
-27.768274
-28.012421
-28.256216
-28.499664
-28.742771
-28.985539
-29.227974
-29.470077
-29.711853
-29.953305
-30.194434
-30.435243
-30.675735
-30.915910
-31.155771
-31.395317
-31.634551
-31.873473
-32.112082
-32.350379
-32.588363
-32.826034
-33.063391
-33.300432
-33.537156
-33.773561
-34.009645
-34.245404
-34.480837
-34.715940
-34.950710
-35.185142
-35.419232
-35.652976
-35.886369
-36.119405
-36.352078
-36.584383
-36.816312
-37.047859
-37.279017
-37.509776
-37.740129
-37.970066
-38.199579
-38.428657
-38.657290
-38.885466
-39.113173
-39.340400
-39.567133
-39.793358
-40.019061
-40.244226
-40.468837
-40.692878
-40.916331
-41.139176
-41.361395
-41.582966
-41.803867
-42.024075
-42.243567
-42.462316
-42.680296
-42.897479
-43.113834
-43.329330
-43.543933
-43.757610
-43.970323
-44.182032
-44.392697
-44.602274
-44.810716
-45.017975
-45.224000
-45.428734
-45.632121
-45.834098
-46.034600
-46.233556
-46.430893
-46.626532
-46.820389
-47.012373
-47.202389
-47.390334
-47.576098
-47.759564
-47.940605
-48.119086
-48.294861
-48.467774
-48.637654
-48.804320
-48.967574
-49.127200
-49.282968
-49.434624
-49.581893
-49.724475
-49.862041
-49.994232
-50.120651
-50.240865
-50.354391
-50.460697
-50.559192
-50.649218
-50.730038
-50.800827
-50.860653
-50.908465
-50.943068
-50.963095
-50.966979
-50.952909
-50.918781
-50.862129
-50.780042
-50.669053
-50.524991
-50.342777
-50.116148
-49.837262
-49.496124
-49.079730
-48.570731
-47.945266
-47.169258
-46.191618
-44.930683
-43.243712
-40.845578
-37.023841
-28.957363
-28.372919
-38.053847
-43.001876
-46.434185
-49.122692
-51.369136
-53.322436
-55.066843
-56.654478
-58.119655
-59.485984
-60.770230
-61.984544
-63.137840
-64.236675
-65.285839
-66.288770
-67.247864
-68.164707
-69.040273
-69.875097
-70.669426
-71.423362
-72.136996
-72.810519
-73.444326
-74.039086
-74.595788
-75.115758
-75.600647
-76.052392
-76.473164
-76.865294
-77.231205
-77.573344
-77.894115
-78.195828
-78.480663
-78.750636
-79.007587
-79.253167
-79.488839
-79.715883
-79.935403
-80.148338
-80.355474
-80.557455
-80.754797
-80.947896
-81.137038
-81.322413
-81.504115
-81.682154
-81.856458
-82.026881
-82.193199
-82.355119
-82.512276
-82.664235
-82.810489
-82.950456
-83.083483
-83.208836
-83.325702
-83.433182
-83.530289
-83.615941
-83.688956
-83.748045
-83.791803
-83.818702
-83.827075
-83.815106
-83.780804
-83.721984
-83.636231
-83.520854
-83.372828
-83.188712
-82.964537
-82.695654
-82.376520
-82.000395
-81.558910
-81.041421
-80.434039
-79.718092
-78.867598
-77.844845
-76.592104
-75.014504
-72.939612
-70.000964
-65.163453
-51.968631
-61.227340
-68.793342
-72.962091
-75.903653
-78.207563
-80.121087
-81.771839
-83.234500
-84.556681
-85.770689
-86.899518
-87.960169
-88.965603
-89.925932
-90.849115
-91.741168
-92.605337
-93.437619
-94.204915
-94.714110
-93.532427
-75.340226
-90.198183
-93.515884
-94.632529
-94.847043
-94.112710
-91.404600
-77.522327
-94.702483
-105.208308
-113.405409
-121.729139
-132.528053
-148.368577
-136.721979
-133.692422
-131.864923
-152.050145
-128.672616
-126.554957
-125.279070
-124.425405
-123.912678
-123.713178
