-0.001395
-0.001252
-0.001105
-0.000953
-0.000798
-0.000638
-0.000474
-0.000305
-0.000132
0.000047
0.000230
0.000418
0.000612
0.000811
0.001016
0.001226
0.001442
0.001664
0.001892
0.002127
0.002368
0.002616
0.002871
0.003132
0.003402
0.003678
0.003962
0.004255
0.004555
0.004864
0.005181
0.005507
0.005842
0.006186
0.006541
0.006904
0.007278
0.007663
0.008058
0.008464
0.008881
0.009310
0.009751
0.010205
0.010671
0.011149
0.011641
0.012147
0.012667
0.013202
0.013751
0.014315
0.014896
0.015492
0.016105
0.016735
0.017383
0.018048
0.018732
0.019436
0.020158
0.020901
0.021665
0.022450
0.023257
0.024086
0.024938
0.025814
0.026715
0.027640
0.028592
0.029570
0.030575
0.031608
0.032670
0.033761
0.034883
0.036037
0.037222
0.038441
0.039693
0.040980
0.042304
0.043664
0.045062
0.046499
0.047977
0.049495
0.051056
0.052661
0.054310
0.056005
0.057748
0.059539
0.061381
0.063274
0.065219
0.067219
0.069276
0.071389
0.073562
0.075795
0.078091
0.080451
0.082877
0.085371
0.087935
0.090571
0.093280
0.096066
0.098929
0.101873
0.104899
0.108010
0.111208
0.114496
0.117877
0.121352
0.124924
0.128597
0.132374
0.136256
0.140247
0.144351
0.148570
0.152908
0.157368
0.161953
0.166668
0.171515
0.176500
0.181624
0.186894
0.192311
0.197882
0.203611
0.209501
0.215558
0.221786
0.228190
0.234776
0.241548
0.248512
0.255674
0.263039
0.270613
0.278402
0.286413
0.294652
0.303125
0.311840
0.320803
0.330022
0.339504
0.349257
0.359289
0.369607
0.380222
0.391141
0.402373
0.413927
0.425814
0.438043
0.450624
0.463567
0.476885
0.490587
0.504685
0.519192
0.534119
0.549479
0.565286
0.581553
0.598294
0.615523
0.633256
0.651508
0.670295
0.689633
0.709540
0.730032
0.751130
0.772850
0.795214
0.818241
0.841952
0.866369
0.891514
0.917411
0.944084
0.971557
0.999858
1.029011
1.059047
1.089992
1.121878
1.154736
1.188597
1.223496
1.259468
1.296548
1.334775
1.374187
1.414826
1.456734
1.499956
1.544537
1.590525
1.637971
1.686927
1.737448
1.789590
1.843413
1.898979
1.956354
2.015605
2.076803
2.140024
2.205346
2.272850
2.342623
2.414755
2.489342
2.566484
2.646286
2.728859
2.814321
2.902795
2.994412
3.089310
3.187635
3.289543
3.395199
3.504776
3.618461
3.736451
3.858959
3.986209
4.118442
4.255916
4.398909
4.547717
4.702662
4.864087
5.032365
5.207902
5.391134
5.582537
5.782631
5.991983
6.211213
6.441004
6.682109
6.935356
7.201669
7.482071
7.777707
8.089861
8.419974
8.769680
9.140829
9.535533
9.956210
10.405640
10.887036
11.404123
11.961228
12.563382
13.216414
13.927001
14.702605
15.551104
16.479699
17.492194
18.582641
19.721574
20.829934
21.745216
22.226548
22.083253
21.350454
20.252764
19.016311
17.778367
16.601285
15.506304
14.495929
13.565187
12.706698
11.912826
11.176500
10.491476
9.852364
9.254552
8.694116
8.167719
7.672523
7.206117
6.766449
6.351777
5.960625
5.591746
5.244098
4.916814
4.609192
4.320672
4.050832
3.799372
3.566116
3.351004
3.154093
2.975554
2.815683
2.674900
2.553762
2.452974
2.373406
2.316109
2.282349
2.273631
2.291750
2.338837
2.417433
2.530577
2.681923
2.875892
3.117882
3.414545
3.774175
4.207241
4.727149
5.351300
6.102586
7.011305
8.116990
9.467029
11.097408
12.933123
14.434232
14.327802
12.358886
9.797027
7.374570
5.231823
3.344524
1.664864
0.150986
-1.229532
-2.501213
-3.682671
-4.788205
-5.828961
-6.813752
-7.749642
-8.642362
-9.496611
-10.316282
-11.104624
-11.864371
-12.597833
-13.306976
-13.993476
-14.658767
-15.304074
-15.930446
-16.538777
-17.129826
-17.704230
-18.262521
-18.805129
-19.332394
-19.844571
-20.341834
-20.824279
-21.291924
-21.744713
-22.182509
-22.605097
-23.012177
-23.403361
-23.778162
-24.135990
-24.476135
-24.797758
-25.099865
-25.381295
-25.640683
-25.876426
-26.086642
-26.269110
-26.421197
-26.539762
-26.621030
-26.660424
-26.652336
-26.589809
-26.464089
-26.263977
-25.974866
-25.577274
-25.044538
-24.339080
-23.406303
-22.164963
-20.496544
-18.273791
-15.768613
-15.368275
-18.543067
-22.247903
-25.414213
-28.085453
-30.396149
-32.445586
-34.300640
-36.006947
-37.596662
-39.093249
-40.514417
-41.873990
-43.183133
-44.451192
-45.686307
-46.895897
-48.087063
-49.266982
-50.443330
-51.624796
-52.821765
-54.047305
-55.318696
-56.659916
-58.106005
-59.711244
-61.566053
-63.836501
-66.874921
-71.625939
-80.744754
-73.652868
-66.644694
-62.062120
-58.348093
-54.930012
-51.479550
-47.704221
-43.209597
-37.273059
-29.462328
-30.440224
-33.503098
-33.825935
-31.331889
-23.986414
-31.252721
-38.460307
-42.568597
-44.921334
-45.653273
-44.266229
-44.877803
-54.011517
-61.713953
-68.010685
-73.544317
-78.643340
-83.497556
-88.236390
-92.964234
-97.780832
-102.798440
-108.163988
-114.098971
-120.990613
-129.656123
-142.392173
-159.978795
-153.198604
-140.231082
-134.361457
-130.866314
-128.597380
-127.082717
-126.082312
-125.458561
-125.126539
-125.031527
-125.137720
-125.422187
-125.871596
-126.480596
-127.251407
-128.194563
-129.331133
-130.697404
-132.354400
-134.408446
-137.061291
-140.758014
-146.764187
-155.180624
-146.269989
-141.213774
-138.198223
-136.140601
-134.644453
-133.525372
-132.684677
-132.065321
-131.633514
-131.370213
-131.267103
