0.024459
0.025509
0.026588
0.027698
0.028838
0.030011
0.031216
0.032455
0.033729
0.035038
0.036384
0.037767
0.039190
0.040652
0.042155
0.043700
0.045289
0.046921
0.048600
0.050326
0.052100
0.053924
0.055799
0.057727
0.059709
0.061746
0.063841
0.065995
0.068209
0.070485
0.072826
0.075232
0.077706
0.080249
0.082864
0.085553
0.088318
0.091161
0.094083
0.097089
0.100179
0.103356
0.106623
0.109983
0.113437
0.116989
0.120642
0.124398
0.128261
0.132233
0.136318
0.140519
0.144839
0.149282
0.153851
0.158550
0.163383
0.168354
0.173467
0.178725
0.184133
0.189697
0.195419
0.201305
0.207359
0.213587
0.219994
0.226585
0.233366
0.240341
0.247517
0.254901
0.262497
0.270313
0.278355
0.286629
0.295144
0.303905
0.312922
0.322200
0.331749
0.341577
0.351691
0.362102
0.372817
0.383847
0.395201
0.406889
0.418921
0.431309
0.444063
0.457194
0.470716
0.484640
0.498978
0.513745
0.528953
0.544617
0.560751
0.577372
0.594493
0.612133
0.630307
0.649033
0.668330
0.688216
0.708712
0.729837
0.751612
0.774060
0.797204
0.821067
0.845674
0.871050
0.897224
0.924221
0.952072
0.980806
1.010456
1.041053
1.072633
1.105231
1.138884
1.173631
1.209513
1.246573
1.284854
1.324405
1.365273
1.407509
1.451167
1.496303
1.542977
1.591249
1.641185
1.692854
1.746326
1.801678
1.858989
1.918344
1.979831
2.043543
2.109580
2.178046
2.249052
2.322715
2.399159
2.478517
2.560929
2.646545
2.735523
2.828034
2.924258
3.024389
3.128635
3.237217
3.350373
3.468362
3.591457
3.719958
3.854185
3.994486
4.141240
4.294855
4.455778
4.624495
4.801539
4.987493
5.182998
5.388759
5.605554
5.834248
6.075798
6.331272
6.601861
6.888903
7.193898
7.518539
7.864742
8.234672
8.630791
9.055892
9.513141
10.006111
10.538789
11.115542
11.740956
12.419463
13.154501
13.946779
14.790828
15.668514
16.537986
17.318889
17.884525
18.088438
17.841459
17.178616
16.231250
15.141928
14.012946
12.902281
11.837493
10.828963
9.878355
8.983285
8.139721
7.343165
6.589206
5.873761
5.193158
4.544142
3.923851
3.329783
2.759746
2.211826
1.684349
1.175849
0.685043
0.210805
-0.247856
-0.691807
-1.121811
-1.538539
-1.942581
-2.334454
-2.714613
-3.083455
-3.441332
-3.788547
-4.125370
-4.452034
-4.768745
-5.075682
-5.373005
-5.660854
-5.939354
-6.208619
-6.468752
-6.719850
-6.962005
-7.195305
-7.419839
-7.635695
-7.842964
-8.041740
-8.232122
-8.414212
-8.588121
-8.753964
-8.911863
-9.061947
-9.204350
-9.339214
-9.466683
-9.586910
-9.700049
-9.806260
-9.905704
-9.998543
-10.084941
-10.165060
-10.239062
-10.307106
-10.369348
-10.425937
-10.477020
-10.522734
-10.563210
-10.598572
-10.628933
-10.654396
-10.675052
-10.690982
-10.702254
-10.708922
-10.711024
-10.708585
-10.701613
-10.690098
-10.674012
-10.653307
-10.627916
-10.597748
-10.562690
-10.522603
-10.477324
-10.426658
-10.370383
-10.308245
-10.239956
-10.165192
-10.083596
-9.994771
-9.898284
-9.793665
-9.680413
-9.557995
-9.425864
-9.283463
-9.130252
-8.965739
-8.789520
-8.601342
-8.401188
-8.189392
-7.966788
-7.734908
-7.496223
-7.254421
-7.014706
-6.784058
-6.571367
-6.387294
-6.243715
-6.152631
-6.124565
-6.166759
-6.281650
-6.466188
-6.712273
-7.008157
-7.340301
-7.695149
-8.060437
-8.425922
-8.783632
-9.127773
-9.454455
-9.761347
-10.047336
-10.312215
-10.556431
-10.780871
-10.986709
-11.175280
-11.347993
-11.506273
-11.651513
-11.785048
-11.908139
-12.021962
-12.127608
-12.226079
-12.318294
-12.405095
-12.487248
-12.565452
-12.640343
-12.712501
-12.782457
-12.850693
-12.917652
-12.983738
-13.049324
-13.114749
-13.180328
-13.246349
-13.313079
-13.380761
-13.449623
-13.519872
-13.591698
-13.665278
-13.740771
-13.818323
-13.898066
-13.980118
-14.064584
-14.151557
-14.241115
-14.333326
-14.428244
-14.525912
-14.626360
-14.729606
-14.835657
-14.944507
-15.056141
-15.170530
-15.287636
-15.407408
-15.529787
-15.654702
-15.782072
-15.911807
-16.043808
-16.177966
-16.314162
-16.452271
-16.592158
-16.733681
-16.876688
-17.021022
-17.166515
-17.312993
-17.460274
-17.608169
-17.756478
-17.904995
-18.053503
-18.201777
-18.349580
-18.496665
-18.642773
-18.787629
-18.930946
-19.072419
-19.211725
-19.348521
-19.482440
-19.613091
-19.740054
-19.862879
-19.981082
-20.094143
-20.201504
-20.302567
-20.396700
-20.483237
-20.561489
-20.630766
-20.690394
-20.739759
-20.778341
-20.805752
-20.821745
-20.826152
-20.818717
-20.798787
-20.764902
-20.714376
-20.643042
-20.545245
-20.414049
-20.241454
-20.018437
-19.734664
-19.377843
-18.932693
-18.379462
-17.691866
-16.834343
-15.759152
-14.407431
-12.736455
-10.878565
-9.698252
-10.723040
-13.426513
-16.329863
-18.951753
-21.267563
-23.334658
-25.209267
-26.934946
-28.544084
-30.060846
-31.503552
-32.886366
-34.220456
-35.514804
-36.776767
-38.012480
-39.227144
-40.425247
-41.610722
-42.787072
-43.957466
-45.124819
-46.291852
-47.461144
-48.635180
-49.816383
-51.007158
-52.209915
-53.427108
-54.661260
-55.915000
-57.191091
-58.492469
-59.822281
-61.183931
-62.581129
-64.017953
-65.498912
-67.029040
-68.613985
-70.260142
-71.974809
-73.766389
-75.644664
-77.621189
-79.709876
-81.927947
-84.297608
-86.849239
-89.627963
-92.708329
-96.230638
-100.506189
-106.430236
-119.162014
-114.628371
-107.290166
-103.827796
-101.639714
-100.112049
-99.019892
-98.266269
-97.807759
-97.628177
