-0.007305
-0.007168
-0.007027
-0.006883
-0.006734
-0.006582
-0.006425
-0.006264
-0.006098
-0.005927
-0.005752
-0.005572
-0.005387
-0.005197
-0.005002
-0.004801
-0.004595
-0.004383
-0.004165
-0.003940
-0.003710
-0.003473
-0.003230
-0.002980
-0.002723
-0.002459
-0.002187
-0.001908
-0.001621
-0.001326
-0.001023
-0.000712
-0.000392
-0.000063
0.000275
0.000623
0.000980
0.001347
0.001725
0.002113
0.002511
0.002921
0.003342
0.003775
0.004220
0.004678
0.005148
0.005631
0.006127
0.006638
0.007163
0.007702
0.008256
0.008826
0.009411
0.010013
0.010632
0.011267
0.011921
0.012593
0.013283
0.013993
0.014722
0.015472
0.016242
0.017034
0.017848
0.018685
0.019545
0.020429
0.021338
0.022272
0.023232
0.024219
0.025233
0.026276
0.027347
0.028449
0.029581
0.030745
0.031941
0.033170
0.034434
0.035733
0.037069
0.038441
0.039852
0.041303
0.042793
0.044326
0.045901
0.047520
0.049184
0.050895
0.052654
0.054462
0.056320
0.058230
0.060194
0.062212
0.064287
0.066420
0.068612
0.070866
0.073183
0.075565
0.078013
0.080530
0.083117
0.085777
0.088512
0.091323
0.094212
0.097183
0.100237
0.103377
0.106604
0.109923
0.113334
0.116841
0.120447
0.124153
0.127965
0.131883
0.135911
0.140053
0.144311
0.148689
0.153190
0.157818
0.162576
0.167468
0.172499
0.177671
0.182989
0.188458
0.194080
0.199862
0.205807
0.211920
0.218207
0.224671
0.231318
0.238154
0.245184
0.252413
0.259847
0.267492
0.275355
0.283442
0.291758
0.300312
0.309109
0.318157
0.327464
0.337036
0.346883
0.357010
0.367428
0.378145
0.389169
0.400509
0.412175
0.424177
0.436525
0.449229
0.462299
0.475746
0.489583
0.503820
0.518470
0.533546
0.549059
0.565024
0.581454
0.598363
0.615767
0.633680
0.652118
0.671097
0.690634
0.710747
0.731452
0.752770
0.774719
0.797319
0.820591
0.844556
0.869236
0.894654
0.920834
0.947800
0.975579
1.004195
1.033678
1.064055
1.095356
1.127612
1.160854
1.195116
1.230433
1.266839
1.304373
1.343073
1.382980
1.424135
1.466583
1.510369
1.555541
1.602148
1.650243
1.699879
1.751113
1.804005
1.858616
1.915012
1.973260
2.033430
2.095599
2.159844
2.226248
2.294896
2.365881
2.439297
2.515245
2.593832
2.675171
2.759378
2.846581
2.936911
3.030510
3.127525
3.228116
3.332451
3.440710
3.553083
3.669774
3.791001
3.916999
4.048016
4.184323
4.326209
4.473984
4.627987
4.788581
4.956162
5.131158
5.314039
5.505314
5.705543
5.915339
6.135379
6.366410
6.609257
6.864840
7.134186
7.418442
7.718901
8.037021
8.374457
8.733096
9.115099
9.522953
9.959538
10.428203
10.932865
11.478124
12.069396
12.713061
13.416604
14.188675
15.038917
15.977178
17.011152
18.140255
19.340907
20.535149
21.541748
22.065291
21.859066
20.976155
19.708379
18.322675
16.963268
15.686696
14.507066
13.421392
12.420919
11.495732
10.636467
9.834851
9.083772
8.377180
7.709944
7.077707
6.476758
5.903918
5.356455
4.832004
4.328511
3.844183
3.377445
2.926908
2.491342
2.069655
1.660871
1.264115
0.878599
0.503616
0.138522
-0.217266
-0.564278
-0.902998
-1.233870
-1.557301
-1.873664
-2.183305
-2.486542
-2.783670
-3.074961
-3.360671
-3.641036
-3.916276
-4.186599
-4.452197
-4.713251
-4.969933
-5.222403
-5.470812
-5.715303
-5.956013
-6.193070
-6.426597
-6.656711
-6.883524
-7.107143
-7.327672
-7.545210
-7.759854
-7.971698
-8.180833
-8.387351
-8.591338
-8.792884
-8.992077
-9.189005
-9.383757
-9.576425
-9.767103
-9.955887
-10.142881
-10.328192
-10.511935
-10.694233
-10.875222
-11.055049
-11.233879
-11.411895
-11.589303
-11.766340
-11.943278
-12.120431
-12.298168
-12.476923
-12.657216
-12.839669
-13.025039
-13.214255
-13.408468
-13.609120
-13.818047
-14.037612
-14.270907
-14.522056
-14.796665
-15.102544
-15.450885
-15.858287
-16.350425
-16.969224
-17.788229
-18.950161
-20.778466
-24.242981
-35.635268
-24.005835
-13.096985
-3.125678
16.299938
2.538774
-1.388811
-2.943178
-3.453851
-3.241023
-2.313163
-0.435041
3.129777
11.599923
11.503248
2.120928
-2.209490
-4.839364
-6.572984
-7.749665
-8.551906
-9.089638
-9.432501
-9.625429
-9.697337
-9.666318
-9.542859
-9.331843
-9.033810
-8.645824
-8.162288
-7.576263
-6.882481
-6.084768
-5.213812
-4.364899
-3.753189
-3.706835
-4.446638
-5.842001
-7.563755
-9.357436
-11.099745
-12.747259
-14.291786
-15.737937
-17.093601
-18.366198
-19.561292
-20.682159
-21.729745
-22.702813
-23.598246
-24.411521
-25.137356
-25.770534
-26.306801
-26.743687
-27.081079
-27.321381
-27.469244
-27.530925
-27.513458
-27.423806
-27.268143
-27.051293
-26.776364
-26.444481
-26.054586
-25.603215
-25.084181
-24.488076
-23.801469
-23.005602
-22.074236
-20.969935
-19.637323
-17.989823
-15.880775
-13.031652
-8.827501
-2.160620
-3.092621
-9.156338
-12.817066
-15.203939
-16.844064
-17.972205
-18.704994
-19.101423
-19.185263
-18.951524
-18.362371
-17.329335
-15.664371
-12.930964
-7.853289
-0.334771
-10.387425
-16.437561
-20.473009
-23.585807
-26.179776
-28.447526
-30.497055
-32.396184
-34.191456
-35.917371
-37.601444
-39.267306
-40.936869
-42.632110
-44.376879
-46.199121
-48.134104
-50.229766
-52.556630
-55.228537
-58.453182
-62.686692
-69.348921
-100.874608
-71.484219
-66.199592
-63.564052
-62.056593
-61.232136
-60.925634
