0.050170
0.051987
0.053854
0.055772
0.057742
0.059767
0.061847
0.063984
0.066179
0.068434
0.070751
0.073132
0.075577
0.078089
0.080669
0.083320
0.086044
0.088841
0.091715
0.094667
0.097699
0.100813
0.104012
0.107298
0.110673
0.114140
0.117700
0.121357
0.125113
0.128971
0.132932
0.137001
0.141179
0.145470
0.149877
0.154402
0.159049
0.163820
0.168720
0.173751
0.178917
0.184221
0.189667
0.195258
0.200998
0.206891
0.212942
0.219153
0.225528
0.232073
0.238792
0.245688
0.252766
0.260031
0.267487
0.275139
0.282993
0.291052
0.299322
0.307809
0.316517
0.325452
0.334620
0.344026
0.353675
0.363574
0.373729
0.384146
0.394831
0.405790
0.417029
0.428556
0.440378
0.452500
0.464930
0.477675
0.490742
0.504138
0.517872
0.531950
0.546380
0.561170
0.576328
0.591863
0.607782
0.624093
0.640806
0.657928
0.675469
0.693437
0.711842
0.730691
0.749996
0.769764
0.790005
0.810729
0.831946
0.853665
0.875896
0.898649
0.921934
0.945761
0.970141
0.995083
1.020599
1.046699
1.073393
1.100691
1.128606
1.157147
1.186326
1.216152
1.246638
1.277794
1.309631
1.342161
1.375393
1.409340
1.444013
1.479422
1.515579
1.552495
1.590181
1.628648
1.667907
1.707970
1.748847
1.790548
1.833086
1.876471
1.920714
1.965825
2.011816
2.058696
2.106476
2.155167
2.204779
2.255322
2.306806
2.359242
2.412638
2.467005
2.522353
2.578691
2.636028
2.694373
2.753736
2.814126
2.875550
2.938019
3.001539
3.066121
3.131771
3.198497
3.266308
3.335212
3.405215
3.476325
3.548549
3.621893
3.696366
3.771972
3.848720
3.926614
4.005660
4.085865
4.167234
4.249772
4.333484
4.418374
4.504449
4.591710
4.680163
4.769811
4.860657
4.952704
5.045953
5.140408
5.236068
5.332935
5.431010
5.530290
5.630775
5.732463
5.835350
5.939431
6.044702
6.151155
6.258783
6.367575
6.477518
6.588601
6.700805
6.814113
6.928503
7.043951
7.160428
7.277903
7.396339
7.515696
7.635928
7.756981
7.878800
8.001317
8.124460
8.248148
8.372289
8.496782
8.621515
8.746363
8.871188
8.995837
9.120143
9.243920
9.366965
9.489055
9.609949
9.729380
9.847061
9.962681
10.075905
10.186370
10.293692
10.397459
10.497236
10.592564
10.682964
10.767936
10.846967
10.919529
10.985092
11.043121
11.093088
11.134477
11.166794
11.189569
11.202373
11.204816
11.196564
11.177337
11.146921
11.105168
11.052002
10.987416
10.911478
10.824321
10.726146
10.617211
10.497828
10.368356
10.229193
10.080764
9.923517
9.757915
9.584426
9.403518
9.215649
9.021268
8.820805
8.614669
8.403242
8.186882
7.965915
7.740638
7.511315
7.278178
7.041424
6.801220
6.557696
6.310949
6.061041
5.808002
5.551823
5.292463
5.029839
4.763835
4.494291
4.221006
3.943737
3.662189
3.376020
3.084830
2.788163
2.485496
2.176239
1.859725
1.535210
1.201861
0.858757
0.504883
0.139130
-0.239702
-0.632896
-1.041801
-1.467803
-1.912284
-2.376559
-2.861779
-3.368814
-3.898080
-4.449326
-5.021371
-5.611792
-6.216597
-6.829921
-7.443831
-8.048370
-8.631971
-9.182375
-9.688032
-10.139797
-10.532488
-10.865814
-11.144338
-11.376506
-11.573118
-11.745729
-11.905367
-12.061726
-12.222816
-12.394943
-12.582886
-12.790160
-13.019297
-13.272104
-13.549888
-13.853637
-14.184175
-14.542283
-14.928802
-15.344725
-15.791276
-16.269984
-16.782748
-17.331885
-17.920129
-18.550545
-19.226242
-19.949716
-20.721477
-21.537445
-22.384420
-23.233392
-24.032629
-24.707970
-25.182759
-25.418763
-25.447357
-25.355156
-25.238011
-25.166048
-25.175541
-25.276627
-25.464188
-25.726221
-26.048870
-26.418940
-26.824885
-27.257012
-27.707334
-28.169313
-28.637584
-29.107731
-29.576104
-30.039678
-30.495965
-30.942937
-31.378988
-31.802895
-32.213797
-32.611171
-32.994807
-33.364785
-33.721444
-34.065347
-34.397250
-34.718061
-35.028804
-35.330587
-35.624565
-35.911916
-36.193818
-36.471424
-36.745856
-37.018187
-37.289439
-37.560579
-37.832516
-38.106109
-38.382162
-38.661433
-38.944642
-39.232472
-39.525580
-39.824600
-40.130156
-40.442862
-40.763337
-41.092211
-41.430130
-41.777770
-42.135845
-42.505116
-42.886408
-43.280617
-43.688731
-44.111849
-44.551198
-45.008166
-45.484327
-45.981489
-46.501737
-47.047503
-47.621642
-48.227543
-48.869269
-49.551748
-50.281040
-51.064709
-51.912361
-52.836454
-53.853541
-54.986285
-56.266876
-57.743240
-59.491300
-61.642131
-64.452922
-68.549126
-76.357206
-83.603029
-71.030497
-66.152864
-63.085874
-60.851312
-59.096506
-57.653495
-56.428877
-55.365176
-54.424352
-53.579770
-52.811893
-52.105789
-51.449588
-50.833471
-50.248964
-49.688394
-49.144445
-48.609729
-48.076345
-47.535339
-46.976015
-46.384973
-45.744709
-45.031500
-44.212094
-43.238360
-42.038387
-40.501394
-38.454130
-35.653708
-32.175207
-31.074628
-34.268190
-37.445988
-39.706612
-41.266604
-42.341838
-43.082219
-43.589970
-43.935177
-44.166109
-44.316151
-44.408535
-44.459553
-44.480735
-44.480326
-44.464283
-44.436952
-44.401537
-44.360422
-44.315395
-44.267807
-44.218688
-44.168824
-44.118824
-44.069157
-44.020187
-43.972198
-43.925414
-43.880007
-43.836117
-43.793852
-43.753298
-43.714526
-43.677593
-43.642547
-43.609428
-43.578275
-43.549120
-43.521997
-43.496938
-43.473978
-43.453156
-43.434510
-43.418087
-43.403938
-43.392119
-43.382696
-43.375741
-43.371337
-43.369578
