-12.064212
-12.064304
-12.064398
-12.064496
-12.064595
-12.064698
-12.064804
-12.064912
-12.065023
-12.065138
-12.065255
-12.065376
-12.065501
-12.065628
-12.065760
-12.065894
-12.066033
-12.066176
-12.066322
-12.066473
-12.066627
-12.066786
-12.066949
-12.067117
-12.067290
-12.067467
-12.067649
-12.067837
-12.068029
-12.068227
-12.068430
-12.068639
-12.068854
-12.069074
-12.069301
-12.069534
-12.069774
-12.070020
-12.070273
-12.070533
-12.070800
-12.071074
-12.071356
-12.071646
-12.071944
-12.072250
-12.072565
-12.072888
-12.073220
-12.073561
-12.073912
-12.074273
-12.074643
-12.075024
-12.075415
-12.075817
-12.076230
-12.076655
-12.077091
-12.077539
-12.078000
-12.078473
-12.078959
-12.079459
-12.079973
-12.080500
-12.081042
-12.081600
-12.082172
-12.082760
-12.083365
-12.083986
-12.084624
-12.085279
-12.085953
-12.086645
-12.087356
-12.088087
-12.088837
-12.089609
-12.090401
-12.091215
-12.092051
-12.092911
-12.093794
-12.094701
-12.095632
-12.096590
-12.097573
-12.098583
-12.099621
-12.100688
-12.101783
-12.102908
-12.104064
-12.105251
-12.106470
-12.107723
-12.109010
-12.110331
-12.111689
-12.113083
-12.114516
-12.115986
-12.117497
-12.119049
-12.120642
-12.122279
-12.123959
-12.125685
-12.127458
-12.129278
-12.131147
-12.133066
-12.135037
-12.137061
-12.139138
-12.141272
-12.143462
-12.145710
-12.148019
-12.150389
-12.152822
-12.155320
-12.157884
-12.160515
-12.163217
-12.165989
-12.168835
-12.171755
-12.174753
-12.177829
-12.180985
-12.184224
-12.187547
-12.190957
-12.194456
-12.198045
-12.201727
-12.205504
-12.209379
-12.213353
-12.217429
-12.221609
-12.225896
-12.230293
-12.234800
-12.239422
-12.244160
-12.249018
-12.253997
-12.259101
-12.264332
-12.269693
-12.275186
-12.280815
-12.286582
-12.292490
-12.298542
-12.304741
-12.311089
-12.317590
-12.324246
-12.331061
-12.338037
-12.345177
-12.352484
-12.359962
-12.367612
-12.375438
-12.383443
-12.391630
-12.400000
-12.408558
-12.417306
-12.426246
-12.435381
-12.444714
-12.454246
-12.463981
-12.473920
-12.484066
-12.494420
-12.504984
-12.515760
-12.526750
-12.537954
-12.549373
-12.561010
-12.572863
-12.584934
-12.597222
-12.609727
-12.622449
-12.635387
-12.648539
-12.661903
-12.675478
-12.689260
-12.703247
-12.717435
-12.731819
-12.746394
-12.761156
-12.776097
-12.791211
-12.806490
-12.821926
-12.837509
-12.853228
-12.869072
-12.885029
-12.901086
-12.917227
-12.933436
-12.949697
-12.965990
-12.982296
-12.998593
-13.014858
-13.031066
-13.047190
-13.063201
-13.079068
-13.094760
-13.110241
-13.125474
-13.140419
-13.155033
-13.169272
-13.183088
-13.196430
-13.209244
-13.221472
-13.233053
-13.243923
-13.254014
-13.263252
-13.271561
-13.278859
-13.285060
-13.290072
-13.293799
-13.296137
-13.296980
-13.296211
-13.293709
-13.289345
-13.282984
-13.274480
-13.263680
-13.250422
-13.234534
-13.215834
-13.194127
-13.169208
-13.140859
-13.108845
-13.072921
-13.032822
-12.988266
-12.938954
-12.884563
-12.824751
-12.759148
-12.687359
-12.608960
-12.523491
-12.430460
-12.329331
-12.219526
-12.100417
-11.971320
-11.831489
-11.680106
-11.516275
-11.339011
-11.147224
-10.939707
-10.715117
-10.471956
-10.208546
-9.922998
-9.613178
-9.276668
-8.910714
-8.512173
-8.077449
-7.602424
-7.082393
-6.512028
-5.885392
-5.196118
-4.437926
-3.605878
-2.699210
-1.727341
-0.721783
0.243604
1.030234
1.444857
1.333659
0.707966
-0.265878
-1.396995
-2.553828
-3.667625
-4.709277
-5.669983
-6.550171
-7.353944
-8.086488
-8.752914
-9.357782
-9.904934
-10.397466
-10.837748
-11.227459
-11.567627
-11.858640
-12.100254
-12.291568
-12.430974
-12.516080
-12.543577
-12.509057
-12.406736
-12.229063
-11.966125
-11.604755
-11.127126
-10.508447
-9.712997
-8.686799
-7.342864
-5.527744
-2.931771
1.221811
9.503980
6.559278
-1.062100
-5.419273
-8.475219
-10.841496
-12.776593
-14.412857
-15.826683
-17.065868
-18.162041
-19.136983
-20.006099
-20.780455
-21.468035
-22.074542
-22.603922
-23.058725
-23.440333
-23.749124
-23.984571
-24.145300
-24.229114
-24.232986
-24.153027
-23.984436
-23.721419
-23.357091
-22.883369
-22.290856
-21.568758
-20.704897
-19.685957
-18.498228
-17.129434
-15.573095
-13.840787
-12.008560
-10.415126
-10.167712
-12.477447
-16.416185
-20.676766
-24.819230
-28.762779
-32.510403
-36.080896
-39.493777
-42.766195
-45.912677
-48.945519
-51.875230
-54.710914
-57.460547
-60.131185
-62.729117
-65.259979
-67.728838
-70.140270
-72.498413
-74.807015
-77.069484
-79.288916
-81.468136
-83.609717
-85.716016
-87.789185
-89.831203
-91.843882
-93.828891
-95.787766
-97.721926
-99.632678
-101.521234
-103.388715
-105.236159
-107.064533
-108.874734
-110.667597
-112.443900
-114.204370
-115.949682
-117.680472
-119.397331
-121.100814
-122.791440
-124.469697
-126.136043
-127.790906
-129.434691
-131.067777
-132.690522
-134.303262
-135.906314
-137.499977
-139.084534
-140.660249
-142.227376
-143.786150
-145.336797
-146.879531
-148.414551
-149.942049
-151.462208
-152.975198
-154.481184
-155.980323
-157.472763
-158.958648
-160.438115
-161.911296
-163.378317
-164.839304
-166.294375
-167.743648
-169.187239
-170.625263
-172.057832
-173.485061
-174.907066
-176.323963
-177.735874
-179.142921
-180.545235
-181.942952
-183.336217
-184.725182
-186.110013
-187.490888
-188.868001
-190.241564
-191.611808
-192.978991
-194.343397
-195.705341
-197.065178
-198.423301
-199.780157
-201.136245
-202.492131
-203.848460
-205.205960
-206.565468
-207.927937
-209.294468
-210.666328
-212.044985
-213.432150
-214.829824
-216.240362
-217.666555
-219.111731
-220.579895
-222.075909
-223.605745
-225.176830
-226.798540
-228.482926
-230.245819
-232.108566
-234.100929
-236.266182
-238.670853
-241.425322
-244.734260
-249.051126
-255.793409
-287.393741
-258.070704
-252.844456
-250.256827
-248.785497
-247.984251
-247.687093
