-12.084218
-12.084910
-12.085621
-12.086353
-12.087104
-12.087877
-12.088671
-12.089488
-12.090327
-12.091190
-12.092078
-12.092990
-12.093927
-12.094891
-12.095882
-12.096901
-12.097949
-12.099025
-12.100132
-12.101271
-12.102441
-12.103644
-12.104881
-12.106152
-12.107460
-12.108804
-12.110186
-12.111607
-12.113068
-12.114570
-12.116115
-12.117703
-12.119336
-12.121015
-12.122742
-12.124517
-12.126343
-12.128220
-12.130151
-12.132136
-12.134177
-12.136276
-12.138435
-12.140655
-12.142938
-12.145285
-12.147700
-12.150183
-12.152737
-12.155364
-12.158066
-12.160844
-12.163703
-12.166642
-12.169666
-12.172776
-12.175976
-12.179267
-12.182652
-12.186135
-12.189717
-12.193403
-12.197195
-12.201096
-12.205110
-12.209240
-12.213489
-12.217861
-12.222360
-12.226989
-12.231752
-12.236655
-12.241700
-12.246892
-12.252235
-12.257735
-12.263396
-12.269222
-12.275220
-12.281394
-12.287750
-12.294294
-12.301030
-12.307967
-12.315109
-12.322462
-12.330035
-12.337834
-12.345865
-12.354137
-12.362658
-12.371434
-12.380474
-12.389788
-12.399383
-12.409270
-12.419457
-12.429954
-12.440773
-12.451922
-12.463415
-12.475262
-12.487474
-12.500065
-12.513048
-12.526435
-12.540242
-12.554481
-12.569169
-12.584321
-12.599954
-12.616084
-12.632730
-12.649910
-12.667643
-12.685950
-12.704851
-12.724368
-12.744525
-12.765345
-12.786854
-12.809078
-12.832043
-12.855780
-12.880317
-12.905687
-12.931922
-12.959058
-12.987130
-13.016176
-13.046238
-13.077356
-13.109576
-13.142944
-13.177509
-13.213322
-13.250440
-13.288919
-13.328820
-13.370208
-13.413150
-13.457719
-13.503990
-13.552046
-13.601971
-13.653856
-13.707799
-13.763902
-13.822275
-13.883034
-13.946304
-14.012218
-14.080917
-14.152554
-14.227292
-14.305303
-14.386777
-14.471913
-14.560927
-14.654053
-14.751540
-14.853660
-14.960704
-15.072989
-15.190857
-15.314678
-15.444856
-15.581825
-15.726062
-15.878081
-16.038445
-16.207762
-16.386698
-16.575972
-16.776367
-16.988727
-17.213963
-17.453046
-17.707009
-17.976926
-18.263892
-18.568984
-18.893190
-19.237304
-19.601755
-19.986349
-20.389870
-20.809484
-21.239896
-21.672169
-22.092277
-22.479587
-22.805958
-23.036678
-23.134720
-23.068789
-22.822755
-22.401464
-21.829043
-21.140891
-20.374333
-19.562115
-18.729732
-17.895470
-17.071691
-16.266388
-15.484528
-14.729093
-14.001812
-13.303661
-12.635192
-11.996739
-11.388543
-10.810821
-10.263795
-9.747694
-9.262734
-8.809096
-8.386886
-7.996097
-7.636577
-7.308000
-7.009844
-6.741379
-6.501673
-6.289597
-6.103856
-5.943006
-5.805500
-5.689715
-5.593993
-5.516671
-5.456115
-5.410738
-5.379025
-5.359544
-5.350956
-5.352021
-5.361596
-5.378636
-5.402189
-5.431390
-5.465457
-5.503679
-5.545411
-5.590068
-5.637111
-5.686045
-5.736409
-5.787767
-5.839706
-5.891821
-5.943717
-5.994994
-6.045248
-6.094058
-6.140986
-6.185564
-6.227294
-6.265637
-6.300011
-6.329783
-6.354268
-6.372718
-6.384328
-6.388225
-6.383477
-6.369088
-6.344007
-6.307135
-6.257334
-6.193443
-6.114298
-6.018747
-5.905679
-5.774044
-5.622885
-5.451358
-5.258754
-5.044521
-4.808275
-4.549804
-4.269072
-3.966210
-3.641500
-3.295354
-2.928295
-2.540924
-2.133891
-1.707870
-1.263528
-0.801499
-0.322360
0.173389
0.685345
1.213220
1.756851
2.316221
2.891470
3.482911
4.091047
4.716590
5.360490
6.023963
6.708535
7.416091
8.148944
8.909929
9.702517
10.530985
11.400631
12.318095
13.291800
14.332611
15.454827
16.677745
18.028219
19.545111
21.287533
23.351516
25.907578
29.297796
34.303277
40.820556
36.057438
30.906392
27.630970
25.307226
23.530173
22.104164
20.921679
19.917764
19.050387
18.290913
17.619064
17.020054
16.482858
15.999129
15.562489
15.168049
14.812085
14.491808
14.205199
13.950905
13.728158
13.536736
13.376937
13.249586
13.156063
13.098353
13.079135
13.101907
13.171167
13.292674
13.473822
13.724187
14.056349
14.487170
15.039845
15.747389
16.658937
17.852093
19.459921
21.739602
25.290304
31.940517
34.031251
25.266888
20.368745
17.028884
14.499523
12.491816
10.878486
9.608653
8.679062
8.125652
8.025706
8.509723
9.784848
12.113063
14.823801
13.030888
8.414911
4.611046
1.656109
-0.729379
-2.731444
-4.465037
-6.002887
-7.392057
-8.662988
-9.834382
-10.915567
-11.907017
-12.799171
-13.569185
-14.174857
-14.544523
-14.561170
-14.036913
-12.659954
-9.814107
-3.557284
4.555381
-8.031285
-13.293487
-16.604068
-19.038189
-20.990316
-22.648303
-24.114640
-25.450060
-26.692572
-27.866845
-28.989216
-30.070511
-31.117699
-32.134880
-33.123883
-34.084641
-35.015441
-35.913131
-36.773358
-37.590872
-38.359953
-39.074963
-39.730988
-40.324492
-40.853858
-41.319709
-41.724926
-42.074360
-42.374326
-42.631996
-42.854801
-43.049951
-43.224092
-43.383106
-43.532043
-43.675124
-43.815807
-43.956877
-44.100547
-44.248553
-44.402243
-44.562655
-44.730579
-44.906618
-45.091225
-45.284744
-45.487435
-45.699500
-45.921101
-46.152373
-46.393438
-46.644413
-46.905421
-47.176594
-47.458080
-47.750051
-48.052702
-48.366261
-48.690989
-49.027188
-49.375203
-49.735429
-50.108316
-50.494375
-50.894187
-51.308409
-51.737789
-52.183174
-52.645525
-53.125937
-53.625660
-54.146121
-54.688964
-55.256084
-55.849680
-56.472321
-57.127030
-57.817393
-58.547706
-59.323171
-60.150175
-61.036669
-61.992735
-63.031419
-64.170034
-65.432261
-66.851746
-68.478656
-70.392747
-72.732636
-75.773656
-80.201910
-88.873030
-93.006376
-82.228888
-77.793200
-75.041339
-73.093668
-71.623637
-70.474258
-69.558487
-68.823614
-68.235910
-67.773156
-67.420688
-67.169206
-67.013561
-66.952137
