-0.016331
-0.016378
-0.016426
-0.016476
-0.016527
-0.016579
-0.016633
-0.016688
-0.016745
-0.016804
-0.016864
-0.016925
-0.016989
-0.017054
-0.017121
-0.017190
-0.017261
-0.017334
-0.017409
-0.017485
-0.017564
-0.017646
-0.017729
-0.017815
-0.017903
-0.017994
-0.018087
-0.018183
-0.018281
-0.018383
-0.018487
-0.018593
-0.018703
-0.018816
-0.018932
-0.019052
-0.019174
-0.019301
-0.019430
-0.019563
-0.019700
-0.019841
-0.019986
-0.020134
-0.020287
-0.020444
-0.020606
-0.020772
-0.020943
-0.021118
-0.021298
-0.021483
-0.021674
-0.021870
-0.022071
-0.022278
-0.022491
-0.022709
-0.022934
-0.023165
-0.023402
-0.023646
-0.023897
-0.024155
-0.024420
-0.024693
-0.024973
-0.025261
-0.025557
-0.025862
-0.026174
-0.026496
-0.026827
-0.027167
-0.027516
-0.027875
-0.028244
-0.028624
-0.029014
-0.029416
-0.029828
-0.030252
-0.030688
-0.031136
-0.031597
-0.032071
-0.032558
-0.033058
-0.033573
-0.034102
-0.034646
-0.035206
-0.035781
-0.036372
-0.036980
-0.037606
-0.038248
-0.038909
-0.039589
-0.040288
-0.041006
-0.041745
-0.042505
-0.043286
-0.044089
-0.044915
-0.045764
-0.046638
-0.047536
-0.048460
-0.049410
-0.050387
-0.051391
-0.052424
-0.053487
-0.054580
-0.055704
-0.056860
-0.058049
-0.059272
-0.060529
-0.061823
-0.063154
-0.064523
-0.065931
-0.067380
-0.068870
-0.070403
-0.071979
-0.073602
-0.075271
-0.076988
-0.078755
-0.080572
-0.082443
-0.084367
-0.086347
-0.088385
-0.090482
-0.092640
-0.094861
-0.097146
-0.099498
-0.101919
-0.104411
-0.106975
-0.109616
-0.112333
-0.115131
-0.118011
-0.120976
-0.124029
-0.127172
-0.130408
-0.133741
-0.137172
-0.140707
-0.144346
-0.148095
-0.151956
-0.155933
-0.160030
-0.164250
-0.168598
-0.173078
-0.177694
-0.182450
-0.187351
-0.192403
-0.197609
-0.202975
-0.208506
-0.214208
-0.220087
-0.226148
-0.232398
-0.238843
-0.245489
-0.252345
-0.259416
-0.266711
-0.274237
-0.282003
-0.290016
-0.298285
-0.306820
-0.315630
-0.324725
-0.334115
-0.343811
-0.353825
-0.364166
-0.374849
-0.385885
-0.397287
-0.409070
-0.421247
-0.433835
-0.446847
-0.460301
-0.474213
-0.488602
-0.503486
-0.518884
-0.534818
-0.551307
-0.568375
-0.586045
-0.604340
-0.623288
-0.642915
-0.663248
-0.684317
-0.706154
-0.728790
-0.752259
-0.776598
-0.801844
-0.828036
-0.855216
-0.883427
-0.912715
-0.943128
-0.974717
-1.007535
-1.041638
-1.077086
-1.113941
-1.152268
-1.192137
-1.233621
-1.276798
-1.321748
-1.368558
-1.417318
-1.468125
-1.521080
-1.576291
-1.633872
-1.693942
-1.756629
-1.822069
-1.890405
-1.961789
-2.036381
-2.114353
-2.195887
-2.281175
-2.370424
-2.463851
-2.561688
-2.664183
-2.771601
-2.884220
-3.002342
-3.126286
-3.256394
-3.393029
-3.536582
-3.687469
-3.846135
-4.013058
-4.188746
-4.373745
-4.568638
-4.774048
-4.990638
-5.219115
-5.460230
-5.714776
-5.983583
-6.267518
-6.567466
-6.884318
-7.218937
-7.572118
-7.944513
-8.336536
-8.748206
-9.178931
-9.627188
-10.090079
-10.562720
-11.037467
-11.502993
-11.943418
-12.337833
-12.660889
-12.885183
-12.985778
-12.945969
-12.761991
-12.444164
-12.013817
-11.497726
-10.922736
-10.312240
-9.684733
-9.053829
-8.428989
-7.816453
-7.220100
-6.642153
-6.083706
-5.545112
-5.026249
-4.526712
-4.045943
-3.583324
-3.138233
-2.710094
-2.298407
-1.902768
-1.522890
-1.158615
-0.809925
-0.476949
-0.159974
0.140559
0.424045
0.689727
0.936701
1.163931
1.370275
1.554511
1.715379
1.851630
1.962077
2.045653
2.101471
2.128875
2.127490
2.097252
2.038427
1.951610
1.837710
1.697912
1.533637
1.346489
1.138195
0.910551
0.665376
0.404461
0.129538
-0.157748
-0.455861
-0.763383
-1.079020
-1.401602
-1.730082
-2.063530
-2.401121
-2.742133
-3.085929
-3.431958
-3.779736
-4.128843
-4.478914
-4.829630
-5.180711
-5.531911
-5.883010
-6.233813
-6.584140
-6.933822
-7.282704
-7.630631
-7.977453
-8.323017
-8.667165
-9.009735
-9.350551
-9.689428
-10.026165
-10.360546
-10.692334
-11.021274
-11.347088
-11.669474
-11.988108
-12.302641
-12.612696
-12.917877
-13.217759
-13.511900
-13.799835
-14.081084
-14.355157
-14.621554
-14.879776
-15.129328
-15.369729
-15.600520
-15.821268
-16.031579
-16.231107
-16.419556
-16.596694
-16.762352
-16.916434
-17.058917
-17.189853
-17.309368
-17.417660
-17.514994
-17.601697
-17.678154
-17.744794
-17.802089
-17.850541
-17.890674
-17.923031
-17.948157
-17.966602
-17.978907
-17.985605
-17.987212
-17.984225
-17.977121
-17.966352
-17.952344
-17.935501
-17.916199
-17.894786
-17.871590
-17.846909
-17.821023
-17.794185
-17.766631
-17.738574
-17.710211
-17.681721
-17.653267
-17.624999
-17.597051
-17.569549
-17.542604
-17.516318
-17.490786
-17.466092
-17.442313
-17.419521
-17.397778
-17.377142
-17.357666
-17.339393
-17.322364
-17.306611
-17.292159
-17.279024
-17.267214
-17.256721
-17.247523
-17.239577
-17.232816
-17.227136
-17.222390
-17.218375
-17.214809
-17.211307
-17.207352
-17.202247
-17.195060
-17.184558
-17.169128
-17.146721
-17.114894
-17.071173
-17.014398
-16.948926
-16.897245
-16.936691
-17.295452
-18.513427
-21.357280
-26.187092
-33.124004
-44.025240
-59.761005
-52.300649
-51.460371
-39.922805
-33.002260
-28.010284
-23.961588
-20.447664
-17.299913
-14.576656
-12.788626
-13.167947
-17.364160
-32.642878
-16.008050
-8.353698
-2.704791
2.274278
6.153079
7.029514
3.995473
-1.188896
-7.144281
-13.965802
-23.797600
-35.078864
-23.336716
-19.886306
-18.160232
-17.156786
-16.538501
-16.158153
-15.944472
-15.864320
