-12.046770
-12.046589
-12.046403
-12.046212
-12.046016
-12.045814
-12.045606
-12.045393
-12.045174
-12.044948
-12.044717
-12.044479
-12.044234
-12.043983
-12.043724
-12.043459
-12.043186
-12.042905
-12.042617
-12.042320
-12.042016
-12.041703
-12.041381
-12.041050
-12.040710
-12.040361
-12.040001
-12.039632
-12.039253
-12.038863
-12.038462
-12.038050
-12.037626
-12.037191
-12.036744
-12.036284
-12.035811
-12.035325
-12.034826
-12.034313
-12.033785
-12.033243
-12.032686
-12.032113
-12.031524
-12.030919
-12.030297
-12.029657
-12.029000
-12.028325
-12.027631
-12.026917
-12.026183
-12.025429
-12.024655
-12.023858
-12.023039
-12.022198
-12.021333
-12.020443
-12.019529
-12.018590
-12.017624
-12.016632
-12.015612
-12.014563
-12.013485
-12.012377
-12.011238
-12.010067
-12.008864
-12.007627
-12.006356
-12.005049
-12.003705
-12.002324
-12.000904
-11.999445
-11.997945
-11.996403
-11.994818
-11.993189
-11.991514
-11.989792
-11.988023
-11.986203
-11.984333
-11.982411
-11.980434
-11.978403
-11.976314
-11.974167
-11.971960
-11.969691
-11.967358
-11.964960
-11.962495
-11.959961
-11.957356
-11.954677
-11.951924
-11.949093
-11.946182
-11.943190
-11.940114
-11.936951
-11.933700
-11.930357
-11.926920
-11.923386
-11.919753
-11.916018
-11.912177
-11.908228
-11.904168
-11.899993
-11.895700
-11.891287
-11.886748
-11.882082
-11.877283
-11.872349
-11.867276
-11.862058
-11.856693
-11.851176
-11.845503
-11.839668
-11.833668
-11.827498
-11.821152
-11.814626
-11.807914
-11.801011
-11.793911
-11.786609
-11.779098
-11.771373
-11.763428
-11.755255
-11.746848
-11.738200
-11.729305
-11.720154
-11.710740
-11.701055
-11.691092
-11.680842
-11.670297
-11.659446
-11.648283
-11.636796
-11.624977
-11.612815
-11.600300
-11.587421
-11.574167
-11.560527
-11.546489
-11.532040
-11.517169
-11.501862
-11.486105
-11.469885
-11.453187
-11.435997
-11.418299
-11.400076
-11.381313
-11.361993
-11.342097
-11.321608
-11.300506
-11.278772
-11.256385
-11.233324
-11.209568
-11.185094
-11.159877
-11.133894
-11.107120
-11.079527
-11.051088
-11.021776
-10.991560
-10.960410
-10.928294
-10.895178
-10.861028
-10.825808
-10.789480
-10.752005
-10.713343
-10.673451
-10.632284
-10.589796
-10.545939
-10.500662
-10.453913
-10.405635
-10.355771
-10.304261
-10.251041
-10.196044
-10.139200
-10.080436
-10.019675
-9.956836
-9.891832
-9.824575
-9.754969
-9.682915
-9.608307
-9.531033
-9.450975
-9.368008
-9.282000
-9.192809
-9.100287
-9.004275
-8.904602
-8.801089
-8.693543
-8.581757
-8.465510
-8.344565
-8.218667
-8.087542
-7.950894
-7.808404
-7.659725
-7.504482
-7.342265
-7.172630
-6.995090
-6.809110
-6.614105
-6.409426
-6.194359
-5.968107
-5.729786
-5.478404
-5.212846
-4.931854
-4.633999
-4.317650
-3.980933
-3.621681
-3.237369
-2.825032
-2.381155
-1.901530
-1.381058
-0.813484
-0.191019
0.496204
1.260932
2.120024
3.096396
4.222265
5.544785
7.136479
9.115616
11.686344
15.185339
19.457516
19.108863
14.611602
10.982688
8.257471
6.106784
4.333859
2.824385
1.507991
0.338766
-0.714738
-1.674941
-2.558364
-3.377511
-4.142073
-4.859703
-5.536549
-6.177623
-6.787061
-7.368318
-7.924306
-8.457501
-8.970029
-9.463725
-9.940182
-10.400798
-10.846797
-11.279264
-11.699159
-12.107341
-12.504576
-12.891553
-13.268890
-13.637149
-13.996836
-14.348412
-14.692296
-15.028870
-15.358484
-15.681457
-15.998083
-16.308630
-16.613347
-16.912460
-17.206180
-17.494699
-17.778196
-18.056836
-18.330769
-18.600136
-18.865066
-19.125677
-19.382078
-19.634371
-19.882648
-20.126992
-20.367481
-20.604185
-20.837166
-21.066482
-21.292183
-21.514315
-21.732915
-21.948017
-22.159648
-22.367831
-22.572583
-22.773914
-22.971831
-23.166333
-23.357416
-23.545067
-23.729270
-23.910002
-24.087232
-24.260923
-24.431033
-24.597511
-24.760295
-24.919320
-25.074508
-25.225772
-25.373014
-25.516125
-25.654982
-25.789450
-25.919377
-26.044594
-26.164915
-26.280130
-26.390008
-26.494293
-26.592697
-26.684903
-26.770552
-26.849249
-26.920546
-26.983945
-27.038884
-27.084728
-27.120763
-27.146176
-27.160044
-27.161312
-27.148772
-27.121033
-27.076485
-27.013257
-26.929162
-26.821624
-26.687589
-26.523410
-26.324689
-26.086066
-25.800934
-25.461033
-25.055865
-24.571825
-23.990861
-23.288305
-22.429195
-21.361575
-20.003247
-18.212426
-15.711648
-11.839461
-4.548556
-4.424071
-12.546011
-17.109030
-20.242813
-22.631455
-24.556459
-26.159027
-27.519599
-28.688347
-29.698876
-30.575105
-31.334997
-31.992672
-32.559654
-33.045598
-33.458720
-33.806044
-34.093545
-34.326224
-34.508155
-34.642495
-34.731485
-34.776428
-34.777636
-34.734350
-34.644603
-34.505018
-34.310496
-34.053761
-33.724652
-33.309049
-32.787145
-32.130574
-31.297345
-30.222223
-28.796457
-26.818522
-23.844924
-18.519306
-1.134874
-18.602508
-25.132416
-29.026552
-31.810375
-33.951885
-35.655182
-37.028575
-38.138867
-39.032995
-39.747482
-40.312596
-40.754071
-41.093799
-41.350179
-41.538401
-41.670786
-41.757147
-41.805167
-41.820753
-41.808336
-41.771134
-41.711351
-41.630329
-41.528656
-41.406225
-41.262261
-41.095295
-40.903099
-40.682565
-40.429510
-40.138381
-39.801819
-39.409993
-38.949584
-38.402155
-37.741447
-36.928603
-35.903103
-34.563742
-32.722753
-29.969001
-25.071509
-8.202568
-24.345060
-31.616867
-36.061980
-39.426000
-42.223774
-44.676812
-46.898660
-48.952176
-50.871196
-52.668841
-54.338995
-55.852417
-57.146212
-58.101968
-58.498812
-57.888593
-55.081197
-41.891583
-55.916623
-64.752168
-70.325613
-74.701936
-78.490563
-81.957452
-85.244419
-88.456176
-91.723986
-95.282677
-99.634423
-106.257809
-137.646694
-108.071831
-102.593225
-99.781130
-98.132733
-97.214934
-96.870330
