-0.010088
-0.009833
-0.009572
-0.009303
-0.009027
-0.008742
-0.008450
-0.008150
-0.007842
-0.007525
-0.007199
-0.006864
-0.006520
-0.006166
-0.005803
-0.005429
-0.005045
-0.004650
-0.004244
-0.003827
-0.003398
-0.002958
-0.002505
-0.002039
-0.001561
-0.001069
-0.000564
-0.000044
0.000490
0.001039
0.001603
0.002183
0.002778
0.003391
0.004021
0.004668
0.005333
0.006016
0.006719
0.007441
0.008184
0.008947
0.009731
0.010537
0.011366
0.012217
0.013093
0.013992
0.014917
0.015868
0.016845
0.017849
0.018881
0.019942
0.021033
0.022154
0.023306
0.024491
0.025708
0.026959
0.028246
0.029568
0.030927
0.032323
0.033759
0.035235
0.036752
0.038312
0.039915
0.041562
0.043256
0.044997
0.046787
0.048626
0.050517
0.052461
0.054459
0.056513
0.058624
0.060794
0.063025
0.065319
0.067676
0.070099
0.072591
0.075152
0.077784
0.080490
0.083272
0.086132
0.089072
0.092095
0.095202
0.098396
0.101679
0.105055
0.108525
0.112093
0.115761
0.119532
0.123408
0.127394
0.131491
0.135704
0.140035
0.144488
0.149066
0.153773
0.158612
0.163587
0.168703
0.173963
0.179371
0.184931
0.190649
0.196527
0.202572
0.208787
0.215178
0.221750
0.228507
0.235455
0.242601
0.249948
0.257504
0.265274
0.273265
0.281482
0.289932
0.298623
0.307561
0.316753
0.326206
0.335929
0.345929
0.356214
0.366793
0.377674
0.388866
0.400378
0.412220
0.424400
0.436931
0.449820
0.463080
0.476721
0.490754
0.505192
0.520045
0.535327
0.551050
0.567228
0.583874
0.601002
0.618627
0.636763
0.655426
0.674632
0.694397
0.714739
0.735674
0.757221
0.779399
0.802226
0.825723
0.849911
0.874810
0.900442
0.926830
0.953997
0.981968
1.010767
1.040421
1.070955
1.102397
1.134776
1.168120
1.202461
1.237829
1.274257
1.311778
1.350426
1.390237
1.431248
1.473496
1.517021
1.561862
1.608062
1.655663
1.704709
1.755245
1.807319
1.860977
1.916270
1.973248
2.031963
2.092468
2.154816
2.219064
2.285268
2.353484
2.423771
2.496188
2.570792
2.647643
2.726800
2.808319
2.892258
2.978672
3.067611
3.159126
3.253261
3.350054
3.449538
3.551736
3.656662
3.764315
3.874682
3.987727
4.103397
4.221610
4.342253
4.465177
4.590191
4.717054
4.845465
4.975058
5.105390
5.235928
5.366041
5.494986
5.621898
5.745775
5.865473
5.979695
6.086992
6.185761
6.274262
6.350633
6.412925
6.459143
6.487305
6.495504
6.481989
6.445235
6.384022
6.297499
6.185229
6.047214
5.883898
5.696140
5.485165
5.252503
4.999915
4.729311
4.442683
4.142032
3.829315
3.506399
3.175034
2.836827
2.493237
2.145567
1.794969
1.442450
1.088885
0.735022
0.381499
0.028857
-0.322456
-0.672066
-1.019666
-1.365009
-1.707895
-2.048171
-2.385718
-2.720448
-3.052299
-3.381233
-3.707229
-4.030281
-4.350398
-4.667596
-4.981903
-5.293354
-5.601986
-5.907846
-6.210979
-6.511437
-6.809272
-7.104538
-7.397289
-7.687581
-7.975469
-8.261009
-8.544256
-8.825265
-9.104090
-9.380786
-9.655404
-9.927996
-10.198615
-10.467310
-10.734131
-10.999126
-11.262343
-11.523829
-11.783631
-12.041793
-12.298359
-12.553375
-12.806884
-13.058927
-13.309547
-13.558786
-13.806685
-14.053285
-14.298626
-14.542749
-14.785694
-15.027500
-15.268208
-15.507857
-15.746487
-15.984138
-16.220850
-16.456664
-16.691619
-16.925758
-17.159120
-17.391748
-17.623684
-17.854971
-18.085651
-18.315770
-18.545371
-18.774501
-19.003206
-19.231532
-19.459529
-19.687246
-19.914733
-20.142041
-20.369223
-20.596333
-20.823425
-21.050556
-21.277784
-21.505168
-21.732767
-21.960643
-22.188860
-22.417480
-22.646571
-22.876198
-23.106428
-23.337332
-23.568977
-23.801435
-24.034775
-24.269067
-24.504382
-24.740789
-24.978355
-25.217145
-25.457221
-25.698641
-25.941456
-26.185711
-26.431441
-26.678671
-26.927410
-27.177649
-27.429361
-27.682488
-27.936943
-28.192601
-28.449290
-28.706783
-28.964788
-29.222933
-29.480758
-29.737691
-29.993037
-30.245956
-30.495442
-30.740300
-30.979130
-31.210303
-31.431947
-31.641941
-31.837920
-32.017289
-32.177259
-32.314910
-32.427273
-32.511429
-32.564639
-32.584470
-32.568927
-32.516559
-32.426535
-32.298678
-32.133441
-31.931844
-31.695363
-31.425801
-31.125136
-30.795382
-30.438452
-30.056045
-29.649546
-29.219947
-28.767782
-28.293063
-27.795218
-27.273024
-26.724513
-26.146857
-25.536210
-24.887485
-24.194059
-23.447357
-22.636291
-21.746492
-20.759303
-19.650578
-18.389670
-16.940347
-15.270338
-13.393968
-11.520191
-10.338425
-10.682728
-12.213406
-14.001358
-15.597499
-16.900158
-17.916746
-18.679073
-19.221370
-19.575431
-19.769708
-19.829118
-19.774964
-19.624928
-19.393192
-19.090635
-18.725073
-18.301457
-17.821977
-17.285993
-16.689709
-16.025460
-15.280412
-14.434326
-13.456087
-12.299826
-10.911055
-9.321193
-8.296603
-10.649436
-17.351235
-30.443664
-28.482771
-21.169826
-17.771248
-15.465074
-13.607300
-11.947974
-10.358906
-8.757041
-7.074128
-5.239496
-3.164500
-0.721949
2.279674
6.037480
9.591817
8.595689
5.198668
2.433330
0.393303
-1.119429
-2.230651
-2.998995
-3.430961
-3.481753
-3.040834
-1.898598
0.296963
3.741247
4.742077
0.662182
-2.790618
-5.007564
-6.353014
-7.050544
-7.191582
-6.777158
-5.741629
-3.956065
-1.189030
3.020199
8.918003
8.396129
3.770126
0.860363
-0.927500
-2.029128
-2.650860
-2.884914
