-10.576112
-10.684809
-10.793761
-10.902963
-11.012410
-11.122096
-11.232014
-11.342161
-11.452530
-11.563117
-11.673917
-11.784924
-11.896133
-12.007541
-12.119141
-12.230931
-12.342904
-12.455057
-12.567385
-12.679885
-12.792551
-12.905381
-13.018369
-13.131513
-13.244807
-13.358250
-13.471836
-13.585563
-13.699427
-13.813424
-13.927552
-14.041806
-14.156184
-14.270683
-14.385300
-14.500031
-14.614874
-14.729826
-14.844884
-14.960045
-15.075308
-15.190668
-15.306125
-15.421674
-15.537315
-15.653043
-15.768859
-15.884758
-16.000738
-16.116799
-16.232937
-16.349151
-16.465438
-16.581797
-16.698225
-16.814722
-16.931284
-17.047911
-17.164601
-17.281351
-17.398161
-17.515029
-17.631952
-17.748930
-17.865962
-17.983045
-18.100178
-18.217360
-18.334590
-18.451866
-18.569187
-18.686552
-18.803959
-18.921407
-19.038896
-19.156423
-19.273988
-19.391590
-19.509228
-19.626900
-19.744606
-19.862344
-19.980114
-20.097915
-20.215745
-20.333604
-20.451491
-20.569404
-20.687344
-20.805309
-20.923299
-21.041312
-21.159348
-21.277406
-21.395485
-21.513584
-21.631703
-21.749841
-21.867997
-21.986170
-22.104360
-22.222566
-22.340788
-22.459023
-22.577273
-22.695535
-22.813810
-22.932097
-23.050395
-23.168702
-23.287020
-23.405346
-23.523681
-23.642023
-23.760371
-23.878726
-23.997086
-24.115451
-24.233819
-24.352190
-24.470564
-24.588939
-24.707314
-24.825690
-24.944064
-25.062437
-25.180807
-25.299173
-25.417534
-25.535890
-25.654240
-25.772581
-25.890914
-26.009237
-26.127549
-26.245849
-26.364136
-26.482407
-26.600663
-26.718901
-26.837120
-26.955319
-27.073496
-27.191649
-27.309776
-27.427876
-27.545946
-27.663985
-27.781990
-27.899960
-28.017892
-28.135783
-28.253630
-28.371432
-28.489184
-28.606885
-28.724530
-28.842117
-28.959642
-29.077100
-29.194488
-29.311802
-29.429038
-29.546189
-29.663252
-29.780222
-29.897092
-30.013856
-30.130509
-30.247043
-30.363453
-30.479729
-30.595864
-30.711851
-30.827679
-30.943340
-31.058824
-31.174120
-31.289216
-31.404101
-31.518763
-31.633187
-31.747360
-31.861266
-31.974890
-32.088213
-32.201219
-32.313888
-32.426200
-32.538132
-32.649662
-32.760766
-32.871416
-32.981586
-33.091247
-33.200366
-33.308911
-33.416846
-33.524135
-33.630736
-33.736609
-33.841707
-33.945983
-34.049387
-34.151864
-34.253357
-34.353806
-34.453145
-34.551307
-34.648218
-34.743802
-34.837977
-34.930656
-35.021748
-35.111156
-35.198776
-35.284501
-35.368215
-35.449796
-35.529118
-35.606044
-35.680433
-35.752136
-35.820994
-35.886842
-35.949508
-36.008809
-36.064556
-36.116550
-36.164585
-36.208445
-36.247907
-36.282738
-36.312698
-36.337538
-36.357003
-36.370830
-36.378748
-36.380480
-36.375744
-36.364252
-36.345712
-36.319826
-36.286295
-36.244817
-36.195086
-36.136797
-36.069643
-35.993318
-35.907514
-35.811926
-35.706248
-35.590176
-35.463406
-35.325634
-35.176558
-35.015874
-34.843277
-34.658460
-34.461117
-34.250937
-34.027606
-33.790811
-33.540236
-33.275571
-32.996510
-32.702765
-32.394073
-32.070210
-31.731019
-31.376440
-31.006553
-30.621640
-30.222265
-29.809390
-29.384519
-28.949882
-28.508680
-28.065360
-27.625930
-27.198260
-26.792295
-26.420047
-26.095201
-25.832171
-25.644567
-25.543246
-25.534426
-25.618484
-25.789900
-26.038372
-26.350662
-26.712564
-27.110491
-27.532466
-27.968561
-28.410936
-28.853633
-29.292285
-29.723800
-30.146072
-30.557743
-30.958008
-31.346467
-31.723005
-32.087713
-32.440818
-32.782643
-33.113566
-33.434000
-33.744375
-34.045123
-34.336673
-34.619442
-34.893832
-35.160228
-35.418995
-35.670482
-35.915014
-36.152900
-36.384427
-36.609866
-36.829468
-37.043470
-37.252090
-37.455531
-37.653983
-37.847619
-38.036602
-38.221079
-38.401187
-38.577050
-38.748782
-38.916485
-39.080250
-39.240160
-39.396287
-39.548691
-39.697425
-39.842533
-39.984046
-40.121989
-40.256375
-40.387208
-40.514481
-40.638176
-40.758266
-40.874710
-40.987455
-41.096437
-41.201575
-41.302775
-41.399925
-41.492894
-41.581534
-41.665672
-41.745112
-41.819630
-41.888971
-41.952844
-42.010921
-42.062826
-42.108133
-42.146355
-42.176937
-42.199243
-42.212543
-42.215996
-42.208634
-42.189330
-42.156776
-42.109438
-42.045519
-41.962892
-41.859030
-41.730914
-41.574910
-41.386615
-41.160650
-40.890398
-40.567650
-40.182146
-39.720979
-39.167867
-38.502399
-37.699698
-36.732150
-35.578746
-34.259876
-32.943784
-32.143816
-32.568602
-34.178687
-36.241066
-38.255697
-40.058124
-41.623810
-42.968501
-44.116336
-45.091359
-45.915787
-46.609894
-47.192127
-47.679142
-48.085787
-48.425091
-48.708302
-48.944990
-49.143194
-49.309594
-49.449697
-49.568017
-49.668236
-49.753347
-49.825780
-49.887506
-49.940120
-49.984912
-50.022928
-50.055009
-50.081836
-50.103955
-50.121802
-50.135724
-50.145991
-50.152814
-50.156349
-50.156707
-50.153960
-50.148148
-50.139279
-50.127334
-50.112266
-50.094004
-50.072454
-50.047493
-50.018975
-49.986723
-49.950531
-49.910159
-49.865326
-49.815711
-49.760939
-49.700579
-49.634127
-49.561001
-49.480520
-49.391888
-49.294171
-49.186270
-49.066889
-48.934504
-48.787325
-48.623273
-48.439991
-48.234937
-48.005689
-47.750744
-47.471487
-47.176966
-46.895310
-46.700236
-46.765414
-47.437843
-49.218050
-52.549660
-57.970419
-68.752173
-69.809129
-61.426928
-58.068223
-56.387707
-56.334475
-59.094958
-62.997829
-61.112250
-58.548535
-56.897454
-55.782927
-54.964045
-54.317504
-53.775466
-53.296370
-52.851304
-52.416762
-51.969756
-51.483005
-50.917866
-50.210514
-49.238705
-47.722809
-44.817732
-35.447088
-44.625998
-54.983862
-57.891848
-57.381224
-56.541007
-55.873990
-55.372380
-54.989728
-54.691320
-54.454206
-54.263295
-54.108480
-53.982867
-53.881686
-53.801636
-53.740467
-53.696729
-53.669623
-53.658918
