-12.004667
-12.003231
-12.001754
-12.000237
-11.998677
-11.997073
-11.995425
-11.993730
-11.991988
-11.990197
-11.988356
-11.986463
-11.984517
-11.982517
-11.980460
-11.978346
-11.976173
-11.973939
-11.971641
-11.969280
-11.966852
-11.964356
-11.961789
-11.959151
-11.956438
-11.953649
-11.950782
-11.947834
-11.944803
-11.941686
-11.938482
-11.935187
-11.931800
-11.928317
-11.924735
-11.921052
-11.917266
-11.913372
-11.909368
-11.905251
-11.901018
-11.896664
-11.892187
-11.887584
-11.882849
-11.877981
-11.872974
-11.867825
-11.862529
-11.857083
-11.851481
-11.845720
-11.839795
-11.833701
-11.827433
-11.820985
-11.814354
-11.807532
-11.800515
-11.793297
-11.785872
-11.778234
-11.770376
-11.762292
-11.753975
-11.745419
-11.736615
-11.727558
-11.718238
-11.708648
-11.698781
-11.688627
-11.678178
-11.667426
-11.656360
-11.644971
-11.633250
-11.621185
-11.608768
-11.595986
-11.582829
-11.569284
-11.555340
-11.540985
-11.526205
-11.510987
-11.495318
-11.479182
-11.462566
-11.445454
-11.427830
-11.409678
-11.390981
-11.371720
-11.351879
-11.331437
-11.310376
-11.288674
-11.266311
-11.243265
-11.219513
-11.195031
-11.169795
-11.143779
-11.116956
-11.089299
-11.060780
-11.031368
-11.001032
-10.969739
-10.937457
-10.904150
-10.869781
-10.834312
-10.797702
-10.759912
-10.720896
-10.680609
-10.639005
-10.596032
-10.551640
-10.505774
-10.458377
-10.409388
-10.358746
-10.306385
-10.252235
-10.196224
-10.138276
-10.078310
-10.016243
-9.951984
-9.885440
-9.816512
-9.745096
-9.671080
-9.594347
-9.514775
-9.432230
-9.346573
-9.257658
-9.165325
-9.069407
-8.969725
-8.866089
-8.758295
-8.646125
-8.529344
-8.407702
-8.280931
-8.148739
-8.010815
-7.866821
-7.716393
-7.559134
-7.394616
-7.222372
-7.041893
-6.852623
-6.653954
-6.445217
-6.225680
-5.994532
-5.750880
-5.493732
-5.221989
-4.934428
-4.629683
-4.306230
-3.962364
-3.596177
-3.205537
-2.788066
-2.341128
-1.861836
-1.347088
-0.793675
-0.198513
0.440895
1.125572
1.853420
2.616302
3.395113
4.152440
4.824338
5.318232
5.530822
5.392319
4.908805
4.158186
3.244480
2.256637
1.254415
0.272097
-0.673144
-1.574241
-2.429640
-3.240602
-4.009695
-4.739989
-5.434630
-6.096637
-6.728802
-7.333663
-7.913499
-8.470346
-9.006016
-9.522121
-10.020092
-10.501204
-10.966591
-11.417263
-11.854122
-12.277975
-12.689541
-13.089467
-13.478333
-13.856657
-14.224907
-14.583503
-14.932822
-15.273205
-15.604957
-15.928356
-16.243650
-16.551064
-16.850802
-17.143047
-17.427966
-17.705711
-17.976419
-18.240216
-18.497219
-18.747532
-18.991256
-19.228482
-19.459297
-19.683784
-19.902020
-20.114081
-20.320043
-20.519976
-20.713954
-20.902049
-21.084332
-21.260877
-21.431758
-21.597051
-21.756833
-21.911184
-22.060184
-22.203915
-22.342464
-22.475915
-22.604357
-22.727880
-22.846573
-22.960528
-23.069838
-23.174594
-23.274888
-23.370811
-23.462455
-23.549907
-23.633255
-23.712581
-23.787967
-23.859490
-23.927220
-23.991225
-24.051565
-24.108292
-24.161451
-24.211077
-24.257195
-24.299816
-24.338940
-24.374548
-24.406607
-24.435060
-24.459828
-24.480808
-24.497862
-24.510821
-24.519475
-24.523566
-24.522787
-24.516765
-24.505061
-24.487151
-24.462420
-24.430144
-24.389473
-24.339419
-24.278828
-24.206366
-24.120489
-24.019424
-23.901142
-23.763340
-23.603417
-23.418461
-23.205250
-22.960249
-22.679636
-22.359330
-21.995042
-21.582332
-21.116668
-20.593485
-20.008214
-19.356281
-18.633039
-17.833634
-16.952762
-15.984322
-14.920909
-13.753112
-12.468541
-11.050435
-9.475619
-7.711462
-5.711380
-3.409136
-0.717796
2.423915
5.711371
7.429496
6.277184
4.282476
2.636024
1.458171
0.677211
0.225104
0.059824
0.163327
0.539152
1.213005
2.235757
3.681564
5.591995
7.592950
7.855527
5.308979
2.044368
-0.874112
-3.365276
-5.513538
-7.397665
-9.072709
-10.573174
-11.916394
-13.103346
-14.116745
-14.916963
-15.437490
-15.584056
-15.242789
-14.296404
-12.631845
-10.120743
-6.639137
-2.880569
-2.765752
-5.524027
-7.743064
-9.096231
-9.761404
-9.875054
-9.521942
-8.765608
-7.696198
-6.532659
-5.771516
-6.015960
-7.243350
-8.855088
-10.400232
-11.702893
-12.716668
-13.439277
-13.888249
-14.104226
-14.165145
-14.197197
-14.359301
-14.781964
-15.495790
-16.428449
-17.470674
-18.534024
-19.566421
-20.544059
-21.459764
-22.314692
-23.113580
-23.862328
-24.566854
-25.232613
-25.864438
-26.466526
-27.042486
-27.595412
-28.127959
-28.642403
-29.140708
-29.624573
-30.095472
-30.554694
-31.003370
-31.442495
-31.872953
-32.295529
-32.710924
-33.119770
-33.522634
-33.920033
-34.312435
-34.700268
-35.083926
-35.463771
-35.840138
-36.213337
-36.583658
-36.951373
-37.316737
-37.679990
-38.041358
-38.401060
-38.759299
-39.116275
-39.472177
-39.827188
-40.181485
-40.535241
-40.888624
-41.241799
-41.594928
-41.948170
-42.301685
-42.655629
-43.010159
-43.365433
-43.721608
-44.078843
-44.437298
-44.797138
-45.158526
-45.521633
-45.886632
-46.253699
-46.623018
-46.994777
-47.369172
-47.746403
-48.126682
-48.510229
-48.897271
-49.288048
-49.682813
-50.081831
-50.485380
-50.893755
-51.307270
-51.726255
-52.151064
-52.582073
-53.019684
-53.464327
-53.916464
-54.376594
-54.845251
-55.323017
-55.810522
-56.308448
-56.817542
-57.338620
-57.872579
-58.420402
-58.983181
-59.562123
-60.158574
-60.774039
-61.410210
-62.068999
-62.752576
-63.463425
-64.204402
-64.978821
-65.790556
-66.644183
-67.545158
-68.500076
-69.517011
-70.606017
-71.779855
-73.055094
-74.453858
-76.006718
-77.757799
-79.774516
-82.168184
-85.144448
-89.157797
-95.626795
-126.985208
-97.452809
-92.051011
-89.322963
-87.747740
-86.880596
-86.557090
