-0.012727
-0.012605
-0.012480
-0.012351
-0.012219
-0.012083
-0.011943
-0.011799
-0.011651
-0.011500
-0.011344
-0.011183
-0.011019
-0.010849
-0.010675
-0.010496
-0.010312
-0.010123
-0.009929
-0.009729
-0.009524
-0.009313
-0.009096
-0.008874
-0.008645
-0.008409
-0.008167
-0.007919
-0.007663
-0.007401
-0.007131
-0.006853
-0.006568
-0.006275
-0.005974
-0.005664
-0.005346
-0.005019
-0.004683
-0.004338
-0.003983
-0.003618
-0.003243
-0.002857
-0.002461
-0.002054
-0.001635
-0.001205
-0.000763
-0.000309
0.000158
0.000638
0.001131
0.001638
0.002159
0.002695
0.003246
0.003811
0.004393
0.004990
0.005605
0.006236
0.006885
0.007552
0.008237
0.008941
0.009665
0.010410
0.011174
0.011960
0.012768
0.013599
0.014452
0.015329
0.016231
0.017157
0.018109
0.019088
0.020094
0.021128
0.022191
0.023283
0.024405
0.025559
0.026745
0.027963
0.029216
0.030503
0.031826
0.033186
0.034583
0.036020
0.037496
0.039013
0.040573
0.042176
0.043823
0.045516
0.047256
0.049044
0.050882
0.052772
0.054713
0.056709
0.058760
0.060868
0.063034
0.065261
0.067549
0.069901
0.072318
0.074803
0.077356
0.079980
0.082677
0.085449
0.088298
0.091226
0.094236
0.097328
0.100507
0.103774
0.107131
0.110582
0.114129
0.117773
0.121519
0.125369
0.129326
0.133393
0.137572
0.141867
0.146281
0.150818
0.155480
0.160272
0.165196
0.170257
0.175459
0.180804
0.186297
0.191943
0.197745
0.203707
0.209835
0.216132
0.222604
0.229254
0.236089
0.243113
0.250331
0.257748
0.265371
0.273204
0.281253
0.289525
0.298025
0.306759
0.315735
0.324958
0.334436
0.344174
0.354181
0.364464
0.375029
0.385885
0.397040
0.408501
0.420277
0.432376
0.444807
0.457578
0.470700
0.484181
0.498031
0.512259
0.526875
0.541891
0.557316
0.573161
0.589438
0.606156
0.623329
0.640967
0.659083
0.677689
0.696798
0.716422
0.736575
0.757270
0.778520
0.800340
0.822744
0.845747
0.869362
0.893605
0.918492
0.944038
0.970258
0.997170
1.024788
1.053131
1.082214
1.112054
1.142669
1.174077
1.206294
1.239340
1.273230
1.307985
1.343622
1.380159
1.417614
1.456007
1.495355
1.535678
1.576993
1.619319
1.662674
1.707076
1.752543
1.799093
1.846743
1.895509
1.945409
1.996458
2.048672
2.102066
2.156654
2.212449
2.269464
2.327711
2.387199
2.447940
2.509940
2.573206
2.637745
2.703560
2.770653
2.839023
2.908671
2.979591
3.051778
3.125223
3.199916
3.275841
3.352984
3.431323
3.510836
3.591496
3.673274
3.756135
3.840042
3.924951
4.010817
4.097588
4.185208
4.273616
4.362745
4.452523
4.542874
4.633712
4.724950
4.816490
4.908230
5.000063
5.091871
5.183533
5.274918
5.365891
5.456307
5.546015
5.634856
5.722666
5.809270
5.894489
5.978136
6.060017
6.139931
6.217671
6.293024
6.365771
6.435687
6.502544
6.566108
6.626141
6.682401
6.734645
6.782627
6.826098
6.864809
6.898510
6.926953
6.949888
6.967069
6.978248
6.983183
6.981633
6.973358
6.958125
6.935700
6.905855
6.868365
6.823006
6.769559
6.707806
6.637532
6.558523
6.470566
6.373447
6.266954
6.150871
6.024980
5.889061
5.742887
5.586226
5.418841
5.240484
5.050895
4.849808
4.636936
4.411983
4.174629
3.924538
3.661348
3.384672
3.094094
2.789162
2.469391
2.134253
1.783175
1.415537
1.030664
0.627829
0.206244
-0.234930
-0.696585
-1.179649
-1.685066
-2.213755
-2.766547
-3.344080
-3.946635
-4.573891
-5.224537
-5.895706
-6.582154
-7.275134
-7.960970
-8.619562
-9.223402
-9.738277
-10.127124
-10.357651
-10.411688
-10.291477
-10.018791
-9.627478
-9.154156
-8.631383
-8.084629
-7.532084
-6.985832
-6.453376
-5.938997
-5.444811
-4.971527
-4.518970
-4.086423
-3.672863
-3.277101
-2.897879
-2.533925
-2.183991
-1.846872
-1.521413
-1.206517
-0.901143
-0.604304
-0.315063
-0.032531
0.244145
0.515778
0.783154
1.047034
1.308158
1.567253
1.825039
2.082232
2.339548
2.597716
2.857476
3.119591
3.384852
3.654089
3.928174
4.208039
4.494682
4.789183
5.092723
5.406598
5.732251
6.071290
6.425536
6.797058
7.188234
7.601821
8.041050
8.509750
9.012509
9.554898
10.143784
10.787774
11.497856
12.288376
13.178562
14.194998
15.375885
16.778806
18.496020
20.687277
23.655304
27.969200
32.590607
28.696266
23.773114
20.309877
17.706115
15.617769
13.865829
12.348484
11.002908
9.787740
8.674324
7.641969
6.675214
5.762167
4.893453
4.061516
3.260161
2.484228
1.729390
0.992018
0.269134
-0.441558
-1.141530
-1.831117
-2.508941
-3.170900
-3.808420
-4.405537
-4.934218
-5.347463
-5.570947
-5.497118
-4.989686
-3.901587
-2.082560
0.688158
4.996401
13.493473
18.077412
7.196758
2.673346
-0.214449
-2.365759
-4.115927
-5.627767
-6.993684
-8.272578
-9.506114
-10.727107
-11.964614
-13.247662
-14.608518
-16.085045
-17.716517
-19.498624
-21.113132
-20.978840
-16.843033
-8.014665
1.431225
-10.673254
-15.322986
-18.433574
-20.960834
-23.228152
-25.381570
-27.500266
-29.634089
-31.819258
-34.086125
-36.463789
-38.983558
-41.682351
-44.606998
-47.820714
-51.414187
-55.526759
-60.391952
-66.450429
-74.670068
-86.116715
-88.869958
-115.192629
-82.728743
-75.458482
-71.490232
-69.106302
-67.765830
-67.260755
