-0.003848
-0.003588
-0.003322
-0.003048
-0.002767
-0.002478
-0.002181
-0.001875
-0.001561
-0.001239
-0.000907
-0.000566
-0.000216
0.000145
0.000515
0.000895
0.001286
0.001688
0.002102
0.002526
0.002963
0.003411
0.003872
0.004346
0.004834
0.005334
0.005849
0.006378
0.006922
0.007481
0.008055
0.008646
0.009253
0.009877
0.010518
0.011177
0.011855
0.012551
0.013267
0.014003
0.014759
0.015536
0.016335
0.017157
0.018001
0.018869
0.019761
0.020677
0.021620
0.022589
0.023585
0.024608
0.025660
0.026742
0.027854
0.028997
0.030171
0.031379
0.032620
0.033896
0.035208
0.036556
0.037943
0.039367
0.040832
0.042338
0.043886
0.045477
0.047112
0.048794
0.050522
0.052299
0.054126
0.056004
0.057935
0.059919
0.061960
0.064057
0.066214
0.068431
0.070710
0.073053
0.075462
0.077939
0.080485
0.083103
0.085794
0.088561
0.091407
0.094332
0.097339
0.100432
0.103611
0.106880
0.110241
0.113698
0.117251
0.120905
0.124663
0.128526
0.132499
0.136584
0.140785
0.145105
0.149547
0.154115
0.158813
0.163644
0.168612
0.173722
0.178977
0.184381
0.189939
0.195656
0.201536
0.207583
0.213803
0.220201
0.226782
0.233551
0.240515
0.247677
0.255046
0.262626
0.270424
0.278446
0.286699
0.295191
0.303927
0.312916
0.322165
0.331682
0.341475
0.351551
0.361921
0.372593
0.383575
0.394878
0.406511
0.418484
0.430809
0.443494
0.456553
0.469996
0.483835
0.498083
0.512752
0.527856
0.543409
0.559424
0.575916
0.592901
0.610393
0.628410
0.646969
0.666086
0.685780
0.706070
0.726976
0.748517
0.770714
0.793589
0.817166
0.841466
0.866516
0.892339
0.918963
0.946415
0.974723
1.003917
1.034028
1.065088
1.097130
1.130189
1.164301
1.199505
1.235840
1.273347
1.312068
1.352050
1.393338
1.435983
1.480035
1.525548
1.572578
1.621184
1.671429
1.723376
1.777094
1.832654
1.890131
1.949604
2.011156
2.074874
2.140850
2.209182
2.279971
2.353326
2.429361
2.508196
2.589960
2.674789
2.762826
2.854223
2.949144
3.047761
3.150258
3.256830
3.367689
3.483057
3.603174
3.728298
3.858705
3.994692
4.136577
4.284707
4.439453
4.601219
4.770443
4.947600
5.133208
5.327832
5.532092
5.746665
5.972299
6.209816
6.460126
6.724240
7.003280
7.298501
7.611311
7.943290
8.296223
8.672134
9.073325
9.502423
9.962438
10.456830
10.989575
11.565247
12.189074
12.866968
13.605440
14.411261
15.290582
16.246823
17.276031
18.357212
19.434288
20.390556
21.038789
21.185548
20.773737
19.937028
18.882405
17.770329
16.689921
15.680948
14.757106
13.920133
13.166967
12.493108
11.894127
11.366308
10.906908
10.514256
10.187793
9.928129
9.737123
9.618030
9.575745
9.617177
9.751834
9.992738
10.357890
10.872696
11.574203
12.518983
13.799139
15.578816
18.192014
22.464681
29.963228
24.810369
18.242185
14.110094
11.088230
8.683385
6.671483
4.932864
3.396194
2.015483
0.759279
-0.394922
-1.463816
-2.460149
-3.393879
-4.272930
-5.103695
-5.891381
-6.640253
-7.353811
-8.034909
-8.685855
-9.308474
-9.904161
-10.473922
-11.018398
-11.537896
-12.032407
-12.501630
-12.944995
-13.361692
-13.750706
-14.110861
-14.440868
-14.739387
-15.005091
-15.236734
-15.433223
-15.593675
-15.717469
-15.804278
-15.854080
-15.867150
-15.844021
-15.785438
-15.692281
-15.565495
-15.405994
-15.214579
-14.991848
-14.738106
-14.453272
-14.136787
-13.787496
-13.403517
-12.982070
-12.519238
-12.009650
-11.446007
-10.818386
-10.113175
-9.311365
-8.385722
-7.295788
-5.978425
-4.328089
-2.149866
0.976316
6.221266
15.294556
6.013465
0.096037
-3.536267
-6.074764
-7.906446
-9.183477
-9.977596
-10.339188
-10.319256
-9.970142
-9.336495
-8.445417
-7.298694
-5.864228
-4.059102
-1.705980
1.601510
7.086653
23.049849
9.044470
2.626071
-0.921550
-3.264778
-4.874831
-5.932675
-6.518137
-6.674488
-6.434673
-5.828420
-4.878007
-3.588331
-1.933301
0.166351
2.893629
6.690819
12.983419
32.546099
13.926056
8.399645
5.417493
3.528108
2.285867
1.508116
1.119106
1.105197
1.508060
2.447300
4.204002
7.543784
16.044845
14.553852
4.272756
-1.106873
-4.978574
-8.104189
-10.782880
-13.164098
-15.333733
-17.345912
-19.236996
-21.032512
-22.750871
-24.405445
-26.005747
-27.558057
-29.065675
-30.528924
-31.944995
-33.307734
-34.607569
-35.831798
-36.965557
-37.993666
-38.903275
-39.686724
-40.343658
-40.881510
-41.314145
-41.659282
-41.935716
-42.161120
-42.350767
-42.517064
-42.669634
-42.815682
-42.960444
-43.107632
-43.259811
-43.418701
-43.585414
-43.760626
-43.944713
-44.137842
-44.340038
-44.551238
-44.771322
-45.000142
-45.237536
-45.483341
-45.737405
-45.999588
-46.269770
-46.547854
-46.833764
-47.127450
-47.428887
-47.738077
-48.055049
-48.379858
-48.712588
-49.053351
-49.402290
-49.759576
-50.125413
-50.500037
-50.883722
-51.276775
-51.679545
-52.092422
-52.515845
-52.950299
-53.396327
-53.854532
-54.325583
-54.810224
-55.309285
-55.823688
-56.354463
-56.902765
-57.469887
-58.057287
-58.666611
-59.299730
-59.958775
-60.646193
-61.364808
-62.117901
-62.909320
-63.743611
-64.626210
-65.563687
-66.564098
-67.637480
-68.796578
-70.057949
-71.443705
-72.984410
-74.724181
-76.730431
-79.114472
-82.081951
-86.087359
-92.549269
-123.901455
-94.363702
-88.957440
-86.225839
-84.647996
-83.779195
-83.455026
