-0.015492
-0.015434
-0.015373
-0.015311
-0.015247
-0.015181
-0.015114
-0.015044
-0.014973
-0.014900
-0.014825
-0.014747
-0.014668
-0.014586
-0.014502
-0.014415
-0.014327
-0.014235
-0.014142
-0.014045
-0.013946
-0.013844
-0.013740
-0.013632
-0.013521
-0.013408
-0.013291
-0.013171
-0.013048
-0.012921
-0.012791
-0.012657
-0.012519
-0.012377
-0.012232
-0.012083
-0.011929
-0.011771
-0.011609
-0.011442
-0.011271
-0.011095
-0.010914
-0.010727
-0.010536
-0.010340
-0.010138
-0.009930
-0.009717
-0.009497
-0.009272
-0.009040
-0.008802
-0.008557
-0.008306
-0.008047
-0.007782
-0.007508
-0.007228
-0.006939
-0.006643
-0.006338
-0.006025
-0.005703
-0.005372
-0.005032
-0.004683
-0.004324
-0.003954
-0.003575
-0.003185
-0.002784
-0.002372
-0.001949
-0.001514
-0.001067
-0.000607
-0.000135
0.000350
0.000849
0.001362
0.001889
0.002431
0.002988
0.003560
0.004148
0.004752
0.005373
0.006012
0.006668
0.007342
0.008035
0.008748
0.009480
0.010232
0.011005
0.011800
0.012617
0.013456
0.014319
0.015206
0.016117
0.017054
0.018016
0.019006
0.020022
0.021067
0.022141
0.023245
0.024379
0.025545
0.026743
0.027975
0.029240
0.030541
0.031878
0.033251
0.034663
0.036114
0.037606
0.039138
0.040713
0.042332
0.043996
0.045706
0.047463
0.049269
0.051124
0.053032
0.054992
0.057006
0.059077
0.061204
0.063391
0.065638
0.067947
0.070320
0.072759
0.075266
0.077841
0.080488
0.083209
0.086004
0.088877
0.091830
0.094864
0.097982
0.101186
0.104479
0.107862
0.111340
0.114913
0.118585
0.122359
0.126236
0.130221
0.134316
0.138524
0.142848
0.147291
0.151857
0.156549
0.161370
0.166324
0.171414
0.176645
0.182020
0.187543
0.193218
0.199049
0.205040
0.211197
0.217522
0.224022
0.230700
0.237561
0.244611
0.251854
0.259296
0.266942
0.274798
0.282869
0.291161
0.299681
0.308433
0.317424
0.326662
0.336152
0.345901
0.355915
0.366204
0.376772
0.387628
0.398780
0.410236
0.422002
0.434088
0.446503
0.459254
0.472350
0.485801
0.499616
0.513804
0.528375
0.543338
0.558705
0.574486
0.590690
0.607330
0.624415
0.641958
0.659969
0.678462
0.697447
0.716938
0.736946
0.757485
0.778567
0.800207
0.822417
0.845211
0.868603
0.892608
0.917240
0.942513
0.968443
0.995045
1.022334
1.050325
1.079034
1.108477
1.138670
1.169628
1.201368
1.233906
1.267257
1.301439
1.336466
1.372355
1.409122
1.446782
1.485350
1.524842
1.565271
1.606652
1.648998
1.692321
1.736634
1.781948
1.828272
1.875614
1.923983
1.973383
2.023818
2.075291
2.127800
2.181343
2.235913
2.291503
2.348099
2.405685
2.464241
2.523741
2.584155
2.645447
2.707574
2.770487
2.834129
2.898434
2.963330
3.028731
3.094544
3.160662
3.226968
3.293331
3.359605
3.425630
3.491230
3.556211
3.620364
3.683459
3.745248
3.805466
3.863824
3.920018
3.973722
4.024592
4.072266
4.116368
4.156505
4.192275
4.223265
4.249059
4.269239
4.283393
4.291115
4.292015
4.285725
4.271899
4.250228
4.220437
4.182295
4.135618
4.080273
4.016181
3.943317
3.861713
3.771458
3.672692
3.565606
3.450440
3.327475
3.197030
3.059455
2.915126
2.764441
2.607808
2.445648
2.278383
2.106435
1.930218
1.750139
1.566594
1.379961
1.190602
0.998863
0.805067
0.609519
0.412502
0.214279
0.015093
-0.184837
-0.385307
-0.586136
-0.787161
-0.988237
-1.189236
-1.390048
-1.590579
-1.790752
-1.990503
-2.189784
-2.388565
-2.586825
-2.784563
-2.981790
-3.178533
-3.374835
-3.570757
-3.766376
-3.961790
-4.157116
-4.352496
-4.548100
-4.744124
-4.940802
-5.138405
-5.337251
-5.537713
-5.740226
-5.945305
-6.153554
-6.365691
-6.582569
-6.805211
-7.034847
-7.272970
-7.521402
-7.782390
-8.058724
-8.353911
-8.672402
-9.019925
-9.403952
-9.834400
-10.324682
-10.893363
-11.566874
-12.384193
-13.405529
-14.730022
-16.536984
-19.203582
-23.781457
-36.693806
-27.223523
-19.598318
-15.461840
-12.697794
-10.741176
-9.354850
-8.409467
-7.821247
-7.530066
-7.487734
-7.647461
-7.954698
-8.344012
-8.745736
-9.099942
-9.369126
-9.541650
-9.625506
-9.638221
-9.598665
-9.522739
-9.422159
-9.304836
-9.175800
-9.038127
-8.893717
-8.743891
-8.589876
-8.433214
-8.276163
-8.122119
-7.976083
-7.845169
-7.739103
-7.670564
-7.655162
-7.710719
-7.855584
-8.105977
-8.472847
-8.959288
-9.559584
-10.260290
-11.042833
-11.886495
-12.770827
-13.677041
-14.588479
-15.490448
-16.369763
-17.214269
-18.012492
-18.753553
-19.427352
-20.025040
-20.539636
-20.966648
-21.304494
-21.554554
-21.720820
-21.809207
-21.826691
-21.780459
-21.677185
-21.522514
-21.320738
-21.074621
-20.785328
-20.452403
-20.073751
-19.645612
-19.162500
-18.617121
-18.000294
-17.300966
-16.506499
-15.603705
-14.581669
-13.438775
-12.198836
-10.943454
-9.856290
-9.215249
-9.217519
-9.770833
-10.588628
-11.423432
-12.140206
-12.681351
-13.025711
-13.164901
-13.091625
-12.793881
-12.252521
-11.444184
-10.362880
-9.110204
-8.162978
-8.530945
-10.530282
-13.217281
-15.887891
-18.351454
-20.605870
-22.690413
-24.646657
-26.510740
-28.313321
-30.081152
-31.838838
-33.610578
-35.422020
-37.302559
-39.288630
-41.429121
-43.795323
-46.501703
-49.756468
-54.016158
-60.700965
-92.245894
-62.871620
-57.600137
-54.974876
-53.474891
-52.655120
-52.350479
