0.045819
0.047521
0.049270
0.051067
0.052912
0.054808
0.056756
0.058757
0.060813
0.062925
0.065094
0.067323
0.069612
0.071964
0.074380
0.076861
0.079410
0.082028
0.084717
0.087479
0.090316
0.093230
0.096223
0.099296
0.102453
0.105695
0.109025
0.112444
0.115956
0.119562
0.123265
0.127068
0.130973
0.134983
0.139100
0.143327
0.147668
0.152124
0.156700
0.161398
0.166220
0.171171
0.176254
0.181472
0.186828
0.192325
0.197968
0.203761
0.209705
0.215807
0.222069
0.228495
0.235090
0.241858
0.248802
0.255927
0.263239
0.270740
0.278436
0.286331
0.294430
0.302739
0.311261
0.320003
0.328969
0.338164
0.347594
0.357264
0.367181
0.377348
0.387773
0.398462
0.409419
0.420651
0.432165
0.443966
0.456061
0.468457
0.481159
0.494175
0.507511
0.521174
0.535171
0.549509
0.564196
0.579237
0.594642
0.610416
0.626568
0.643105
0.660034
0.677364
0.695102
0.713255
0.731833
0.750843
0.770292
0.790189
0.810542
0.831359
0.852649
0.874419
0.896679
0.919435
0.942697
0.966473
0.990771
1.015600
1.040968
1.066883
1.093354
1.120388
1.147995
1.176182
1.204957
1.234329
1.264306
1.294895
1.326105
1.357943
1.390417
1.423535
1.457303
1.491730
1.526823
1.562588
1.599032
1.636163
1.673986
1.712509
1.751737
1.791676
1.832332
1.873710
1.915817
1.958656
2.002232
2.046551
2.091616
2.137432
2.184002
2.231329
2.279416
2.328267
2.377883
2.428267
2.479421
2.531345
2.584041
2.637509
2.691750
2.746764
2.802550
2.859107
2.916433
2.974528
3.033388
3.093010
3.153393
3.214532
3.276423
3.339061
3.402442
3.466559
3.531407
3.596979
3.663267
3.730264
3.797961
3.866349
3.935417
4.005157
4.075556
4.146602
4.218283
4.290584
4.363492
4.436992
4.511065
4.585696
4.660865
4.736553
4.812739
4.889399
4.966511
5.044048
5.121984
5.200289
5.278932
5.357880
5.437097
5.516546
5.596184
5.675969
5.755853
5.835785
5.915711
5.995572
6.075304
6.154839
6.234102
6.313015
6.391490
6.469434
6.546746
6.623318
6.699031
6.773756
6.847357
6.919683
6.990573
7.059853
7.127336
7.192818
7.256083
7.316898
7.375012
7.430160
7.482057
7.530402
7.574878
7.615151
7.650871
7.681676
7.707193
7.727040
7.740831
7.748183
7.748718
7.742072
7.727902
7.705898
7.675788
7.637356
7.590447
7.534982
7.470971
7.398525
7.317865
7.229334
7.133405
7.030686
6.921923
6.807998
6.689926
6.568842
6.445991
6.322705
6.200380
6.080448
5.964346
5.853478
5.749183
5.652697
5.565122
5.487394
5.420265
5.364280
5.319775
5.286872
5.265492
5.255365
5.256052
5.266971
5.287420
5.316607
5.353673
5.397718
5.447820
5.503053
5.562501
5.625266
5.690478
5.757295
5.824906
5.892530
5.959412
6.024818
6.088029
6.148338
6.205036
6.257409
6.304726
6.346233
6.381143
6.408624
6.427795
6.437712
6.437367
6.425676
6.401481
6.363545
6.310567
6.241187
6.154021
6.047697
5.920922
5.772568
5.601800
5.408239
5.192179
4.954847
4.698715
4.427831
4.148115
3.867558
3.596178
3.345604
3.128159
2.955457
2.836711
2.777168
2.777186
2.832273
2.934050
3.071787
3.233995
3.409718
3.589330
3.764888
3.930156
4.080419
4.212230
4.323121
4.411348
4.475664
4.515141
4.529008
4.516538
4.476937
4.409256
4.312310
4.184599
4.024248
3.828956
3.595992
3.322288
3.004711
2.640732
2.229785
1.775880
1.292119
0.807390
0.373275
0.063748
-0.044753
0.085739
0.423542
0.881681
1.363891
1.799568
2.151904
2.410149
2.578745
2.668942
2.693770
2.665529
2.594803
2.490263
2.358831
2.205951
2.035878
1.851936
1.656728
1.452296
1.240255
1.021889
0.798225
0.570093
0.338166
0.102994
-0.134969
-0.375346
-0.617825
-0.862141
-1.108073
-1.355431
-1.604056
-1.853810
-2.104574
-2.356247
-2.608742
-2.861982
-3.115901
-3.370443
-3.625558
-3.881203
-4.137341
-4.393940
-4.650972
-4.908413
-5.166244
-5.424446
-5.683007
-5.941912
-6.201153
-6.460721
-6.720610
-6.980815
-7.241333
-7.502162
-7.763299
-8.024744
-8.286498
-8.548561
-8.810934
-9.073619
-9.336616
-9.599928
-9.863555
-10.127499
-10.391760
-10.656338
-10.921230
-11.186436
-11.451950
-11.717767
-11.983879
-12.250276
-12.516946
-12.783870
-13.051028
-13.318395
-13.585939
-13.853624
-14.121403
-14.389224
-14.657020
-14.924715
-15.192217
-15.459418
-15.726188
-15.992374
-16.257793
-16.522227
-16.785418
-17.047056
-17.306768
-17.564108
-17.818536
-18.069397
-18.315893
-18.557047
-18.791654
-19.018218
-19.234867
-19.439246
-19.628356
-19.798350
-19.944234
-20.059463
-20.135349
-20.160229
-20.118260
-19.987707
-19.738606
-19.329949
-18.708007
-17.813668
-16.633148
-15.413560
-15.109604
-16.651064
-19.181108
-21.625413
-23.666897
-25.312380
-26.640139
-27.730347
-28.649023
-29.446413
-30.159375
-30.814503
-31.430919
-32.022450
-32.599219
-33.168782
-33.736918
-34.308185
-34.886309
-35.474462
-36.075468
-36.691952
-37.326461
-37.981565
-38.659949
-39.364491
-40.098364
-40.865128
-41.668853
-42.514270
-43.406965
-44.353629
-45.362420
-46.443460
-47.609563
-48.877343
-50.268964
-51.815027
-53.559685
-55.570377
-57.958439
-60.929536
-64.938173
-71.402936
-102.757603
-73.221967
-67.817459
-65.087246
-63.510422
-62.642264
-62.318352
