-0.013642
-0.013634
-0.013625
-0.013617
-0.013608
-0.013599
-0.013589
-0.013580
-0.013570
-0.013560
-0.013549
-0.013539
-0.013528
-0.013516
-0.013505
-0.013493
-0.013480
-0.013468
-0.013455
-0.013441
-0.013428
-0.013414
-0.013399
-0.013384
-0.013369
-0.013353
-0.013337
-0.013320
-0.013303
-0.013286
-0.013268
-0.013249
-0.013230
-0.013211
-0.013190
-0.013170
-0.013148
-0.013127
-0.013104
-0.013081
-0.013057
-0.013033
-0.013008
-0.012982
-0.012956
-0.012928
-0.012900
-0.012872
-0.012842
-0.012812
-0.012780
-0.012748
-0.012715
-0.012682
-0.012647
-0.012611
-0.012574
-0.012536
-0.012497
-0.012457
-0.012416
-0.012374
-0.012331
-0.012286
-0.012240
-0.012193
-0.012145
-0.012095
-0.012044
-0.011991
-0.011937
-0.011882
-0.011825
-0.011766
-0.011706
-0.011644
-0.011580
-0.011515
-0.011448
-0.011378
-0.011307
-0.011234
-0.011159
-0.011082
-0.011003
-0.010921
-0.010838
-0.010751
-0.010663
-0.010572
-0.010479
-0.010382
-0.010284
-0.010182
-0.010078
-0.009971
-0.009861
-0.009747
-0.009631
-0.009511
-0.009388
-0.009262
-0.009132
-0.008999
-0.008861
-0.008720
-0.008575
-0.008427
-0.008273
-0.008116
-0.007954
-0.007788
-0.007617
-0.007442
-0.007261
-0.007076
-0.006885
-0.006689
-0.006488
-0.006281
-0.006068
-0.005849
-0.005624
-0.005393
-0.005156
-0.004912
-0.004661
-0.004403
-0.004138
-0.003866
-0.003586
-0.003298
-0.003003
-0.002699
-0.002386
-0.002065
-0.001735
-0.001396
-0.001048
-0.000689
-0.000321
0.000057
0.000446
0.000846
0.001257
0.001679
0.002114
0.002560
0.003018
0.003490
0.003974
0.004472
0.004984
0.005510
0.006051
0.006606
0.007178
0.007765
0.008368
0.008988
0.009626
0.010281
0.010954
0.011647
0.012358
0.013089
0.013841
0.014614
0.015408
0.016224
0.017063
0.017925
0.018811
0.019722
0.020658
0.021621
0.022610
0.023626
0.024671
0.025745
0.026850
0.027984
0.029151
0.030350
0.031582
0.032849
0.034150
0.035489
0.036864
0.038278
0.039731
0.041225
0.042761
0.044339
0.045961
0.047629
0.049343
0.051105
0.052915
0.054777
0.056690
0.058657
0.060679
0.062757
0.064893
0.067089
0.069346
0.071667
0.074052
0.076503
0.079023
0.081614
0.084277
0.087014
0.089828
0.092721
0.095694
0.098751
0.101893
0.105123
0.108444
0.111857
0.115366
0.118974
0.122682
0.126494
0.130413
0.134442
0.138584
0.142842
0.147219
0.151720
0.156346
0.161102
0.165992
0.171020
0.176188
0.181502
0.186965
0.192582
0.198357
0.204294
0.210399
0.216675
0.223128
0.229763
0.236585
0.243600
0.250812
0.258228
0.265853
0.273694
0.281756
0.290046
0.298571
0.307337
0.316351
0.325621
0.335153
0.344956
0.355037
0.365404
0.376066
0.387031
0.398307
0.409905
0.421832
0.434100
0.446718
0.459695
0.473044
0.486773
0.500896
0.515422
0.530365
0.545736
0.561548
0.577814
0.594548
0.611763
0.629474
0.647695
0.666442
0.685730
0.705576
0.725996
0.747007
0.768628
0.790876
0.813771
0.837332
0.861580
0.886534
0.912217
0.938652
0.965860
0.993865
1.022693
1.052368
1.082917
1.114366
1.146743
1.180077
1.214399
1.249738
1.286127
1.323598
1.362185
1.401924
1.442851
1.485003
1.528419
1.573140
1.619206
1.666660
1.715548
1.765914
1.817806
1.871273
1.926365
1.983136
2.041637
2.101927
2.164061
2.228099
2.294102
2.362135
2.432261
2.504547
2.579063
2.655880
2.735070
2.816708
2.900871
2.987637
3.077085
3.169297
3.264356
3.362346
3.463351
3.567455
3.674744
3.785302
3.899211
4.016553
4.137404
4.261839
4.389925
4.521724
4.657286
4.796651
4.939846
5.086879
5.237738
5.392385
5.550751
5.712733
5.878184
6.046904
6.218639
6.393062
6.569767
6.748260
6.927940
7.108092
7.287871
7.466293
7.642223
7.814370
7.981284
8.141362
8.292865
8.433939
8.562656
8.677067
8.775264
8.855459
8.916070
8.955799
8.973722
8.969343
8.942649
8.894120
8.824727
8.735891
8.629431
8.507487
8.372444
8.226855
8.073367
7.914663
7.753419
7.592270
7.433800
7.280537
7.134968
6.999560
6.876791
6.769196
6.679421
6.610285
6.564862
6.546584
6.559363
6.607761
6.697208
6.834301
7.027225
7.286361
7.625193
8.061712
8.620683
9.337496
10.265112
11.487514
13.148059
15.513786
19.096247
23.660626
20.747295
15.152603
11.047690
7.871634
5.241080
2.955830
0.901550
-0.993815
-2.780066
-4.494985
-6.170276
-7.835681
-9.522611
-11.268341
-13.122156
-15.155956
-17.484703
-20.308080
-23.975380
-28.549102
-28.715876
-23.848595
-19.723078
-16.361204
-13.331177
-10.314329
-6.996438
-2.893344
3.166753
13.022261
4.992882
-0.233736
-3.186607
-5.096217
-6.381114
-7.222048
-7.713792
-7.930105
-7.946147
-7.075201
1.763088
13.862553
16.302296
-1.358632
-11.949665
-20.382027
-27.799233
-34.691087
-41.358569
-48.042380
-54.989811
-62.522344
-71.128569
-81.204905
-88.497825
-92.133001
-105.071786
-96.445720
-90.031074
-87.626377
-86.911667
-87.294528
-88.605753
-90.902682
-94.458623
-99.217520
-99.607521
-95.651379
-92.862200
-91.251086
-90.491137
-90.433295
-91.061313
-92.486980
-94.992763
-98.741267
-99.258075
-94.248717
-90.004002
-86.858097
-84.425533
-82.474332
-80.871447
-79.535784
-78.414961
-77.473624
-76.687215
-76.038451
-75.515242
-75.109434
-74.816052
-74.632874
-74.560249
