-0.009983
-0.009863
-0.009739
-0.009612
-0.009481
-0.009347
-0.009209
-0.009067
-0.008922
-0.008772
-0.008618
-0.008459
-0.008297
-0.008130
-0.007958
-0.007781
-0.007599
-0.007413
-0.007221
-0.007024
-0.006821
-0.006613
-0.006399
-0.006179
-0.005953
-0.005721
-0.005482
-0.005236
-0.004984
-0.004724
-0.004458
-0.004184
-0.003902
-0.003613
-0.003315
-0.003009
-0.002695
-0.002372
-0.002040
-0.001699
-0.001348
-0.000987
-0.000617
-0.000236
0.000156
0.000558
0.000972
0.001397
0.001834
0.002283
0.002745
0.003220
0.003708
0.004209
0.004724
0.005254
0.005798
0.006358
0.006933
0.007525
0.008132
0.008757
0.009399
0.010059
0.010738
0.011435
0.012152
0.012889
0.013646
0.014425
0.015225
0.016047
0.016893
0.017762
0.018655
0.019574
0.020518
0.021488
0.022485
0.023511
0.024565
0.025648
0.026762
0.027906
0.029083
0.030293
0.031536
0.032815
0.034129
0.035480
0.036868
0.038296
0.039764
0.041272
0.042823
0.044417
0.046056
0.047741
0.049474
0.051254
0.053085
0.054967
0.056902
0.058891
0.060937
0.063039
0.065201
0.067423
0.069708
0.072057
0.074472
0.076956
0.079509
0.082134
0.084833
0.087608
0.090461
0.093395
0.096412
0.099514
0.102703
0.105983
0.109355
0.112823
0.116388
0.120055
0.123826
0.127703
0.131691
0.135791
0.140008
0.144345
0.148805
0.153392
0.158110
0.162962
0.167952
0.173085
0.178364
0.183794
0.189379
0.195124
0.201033
0.207112
0.213365
0.219798
0.226415
0.233223
0.240227
0.247432
0.254846
0.262473
0.270321
0.278396
0.286705
0.295256
0.304054
0.313108
0.322426
0.332016
0.341885
0.352044
0.362499
0.373261
0.384339
0.395743
0.407483
0.419569
0.432013
0.444825
0.458016
0.471600
0.485589
0.499994
0.514831
0.530112
0.545851
0.562064
0.578766
0.595972
0.613700
0.631967
0.650789
0.670187
0.690178
0.710782
0.732021
0.753916
0.776489
0.799763
0.823762
0.848512
0.874039
0.900369
0.927531
0.955556
0.984472
1.014313
1.045112
1.076904
1.109725
1.143614
1.178610
1.214755
1.252093
1.290669
1.330531
1.371729
1.414315
1.458346
1.503877
1.550971
1.599692
1.650106
1.702283
1.756300
1.812234
1.870168
1.930190
1.992393
2.056874
2.123737
2.193092
2.265056
2.339752
2.417314
2.497879
2.581599
2.668633
2.759151
2.853336
2.951382
3.053501
3.159917
3.270872
3.386629
3.507471
3.633703
3.765657
3.903694
4.048206
4.199624
4.358416
4.525098
4.700237
4.884461
5.078461
5.283011
5.498969
5.727300
5.969088
6.225558
6.498101
6.788307
7.098002
7.429299
7.784660
8.166976
8.579674
9.026855
9.513487
10.045658
10.630948
11.278947
12.002036
12.816571
13.744772
14.817861
16.081573
17.606507
19.509071
21.997164
25.464846
30.317286
31.303113
26.107429
22.042275
19.087031
16.789260
14.907638
13.309648
11.916356
10.677367
9.558681
8.536340
7.592855
6.715090
5.892946
5.118503
4.385450
3.688690
3.024059
2.388129
1.778057
1.191476
0.626413
0.081225
-0.445446
-0.954716
-1.447482
-1.924445
-2.386125
-2.832874
-3.264883
-3.682188
-4.084670
-4.472061
-4.843937
-5.199722
-5.538682
-5.859926
-6.162404
-6.444907
-6.706067
-6.944362
-7.158122
-7.345537
-7.504666
-7.633451
-7.729725
-7.791223
-7.815587
-7.800357
-7.742949
-7.640623
-7.490408
-7.289004
-7.032635
-6.716834
-6.336155
-5.883749
-5.350772
-4.725501
-3.991987
-3.127888
-2.100799
-0.861574
0.668938
2.629535
5.297036
9.357082
17.444177
19.206825
9.635747
4.955911
1.832653
-0.529378
-2.438835
-4.047303
-5.440117
-6.669713
-7.770229
-8.764719
-9.669041
-10.494092
-11.247170
-11.932833
-12.553482
-13.109774
-13.600946
-14.025103
-14.379477
-14.660698
-14.865036
-14.988622
-15.027594
-14.978128
-14.836322
-14.597869
-14.257501
-13.808129
-13.239581
-12.536726
-11.676520
-10.622999
-9.317974
-7.661639
-5.465881
-2.314763
3.044262
19.235774
4.218959
-2.404915
-6.295452
-9.103950
-11.331098
-13.195677
-14.812505
-16.248748
-17.546385
-18.732596
-19.825077
-20.834981
-21.768655
-22.628782
-23.415233
-24.125843
-24.757225
-25.305660
-25.768040
-26.142734
-26.430246
-26.633510
-26.757775
-26.810127
-26.798800
-26.732429
-26.619409
-26.467407
-26.283078
-26.071926
-25.838288
-25.585388
-25.315420
-25.029635
-24.728422
-24.411350
-24.077188
-23.723878
-23.348452
-22.946889
-22.513880
-22.042465
-21.523474
-20.944676
-20.289412
-19.534359
-18.645640
-17.571620
-16.228302
-14.465860
-11.976633
-7.952285
1.473895
-0.652815
-10.250605
-15.263757
-18.882709
-21.846320
-24.451249
-26.851034
-29.139613
-31.382594
-33.631211
-35.929017
-38.314229
-40.817132
-43.448335
-46.169304
-48.843401
-51.231956
-53.210711
-55.147799
-58.148379
-66.191644
-63.895068
-52.661704
-46.215509
-40.860565
-35.229890
-26.285290
-23.538043
-36.535990
-42.025609
-38.612611
-34.560684
-31.245228
-28.323284
-25.560159
-22.794488
-19.875379
-16.604028
-12.622606
-7.031572
4.009957
0.130693
-6.715818
-10.114438
-12.268322
-13.791024
-14.936705
-15.834371
-16.558123
-17.154235
-17.653402
-18.076937
-18.440179
-18.754490
-19.028489
-19.268844
-19.480798
-19.668537
-19.835439
-19.984264
-20.117282
-20.236378
-20.343125
-20.438843
-20.524645
-20.601469
-20.670106
-20.731226
-20.785387
-20.833056
-20.874615
-20.910370
-20.940556
-20.965342
-20.984831
-20.999062
-21.008006
-21.011565
