-12.042328
-12.042114
-12.041894
-12.041668
-12.041436
-12.041197
-12.040952
-12.040699
-12.040440
-12.040174
-12.039900
-12.039618
-12.039329
-12.039031
-12.038726
-12.038412
-12.038089
-12.037757
-12.037416
-12.037065
-12.036705
-12.036334
-12.035954
-12.035562
-12.035160
-12.034747
-12.034322
-12.033886
-12.033437
-12.032975
-12.032501
-12.032014
-12.031513
-12.030998
-12.030469
-12.029925
-12.029366
-12.028792
-12.028201
-12.027594
-12.026971
-12.026329
-12.025670
-12.024993
-12.024297
-12.023581
-12.022846
-12.022090
-12.021312
-12.020514
-12.019693
-12.018849
-12.017982
-12.017090
-12.016174
-12.015232
-12.014264
-12.013269
-12.012246
-12.011195
-12.010115
-12.009004
-12.007862
-12.006689
-12.005483
-12.004243
-12.002969
-12.001659
-12.000313
-11.998929
-11.997507
-11.996045
-11.994542
-11.992997
-11.991409
-11.989777
-11.988099
-11.986375
-11.984602
-11.982780
-11.980907
-11.978982
-11.977003
-11.974969
-11.972878
-11.970728
-11.968519
-11.966247
-11.963913
-11.961513
-11.959046
-11.956510
-11.953903
-11.951223
-11.948468
-11.945636
-11.942725
-11.939733
-11.936656
-11.933494
-11.930243
-11.926901
-11.923465
-11.919933
-11.916302
-11.912570
-11.908732
-11.904787
-11.900732
-11.896562
-11.892276
-11.887869
-11.883338
-11.878680
-11.873892
-11.868968
-11.863906
-11.858702
-11.853352
-11.847850
-11.842194
-11.836379
-11.830400
-11.824252
-11.817931
-11.811431
-11.804748
-11.797877
-11.790811
-11.783546
-11.776076
-11.768394
-11.760495
-11.752372
-11.744019
-11.735430
-11.726596
-11.717513
-11.708172
-11.698565
-11.688685
-11.678525
-11.668075
-11.657328
-11.646275
-11.634907
-11.623215
-11.611189
-11.598820
-11.586097
-11.573010
-11.559549
-11.545702
-11.531458
-11.516806
-11.501733
-11.486227
-11.470275
-11.453863
-11.436979
-11.419608
-11.401736
-11.383348
-11.364427
-11.344959
-11.324927
-11.304315
-11.283103
-11.261275
-11.238813
-11.215696
-11.191905
-11.167419
-11.142218
-11.116280
-11.089583
-11.062102
-11.033815
-11.004696
-10.974721
-10.943862
-10.912094
-10.879387
-10.845714
-10.811044
-10.775346
-10.738590
-10.700741
-10.661768
-10.621635
-10.580306
-10.537744
-10.493912
-10.448770
-10.402279
-10.354397
-10.305081
-10.254288
-10.201974
-10.148091
-10.092594
-10.035433
-9.976561
-9.915926
-9.853478
-9.789165
-9.722934
-9.654731
-9.584505
-9.512199
-9.437762
-9.361140
-9.282280
-9.201130
-9.117643
-9.031769
-8.943466
-8.852693
-8.759414
-8.663601
-8.565232
-8.464294
-8.360786
-8.254719
-8.146122
-8.035039
-7.921540
-7.805718
-7.687697
-7.567639
-7.445744
-7.322262
-7.197496
-7.071815
-6.945657
-6.819542
-6.694082
-6.569988
-6.448081
-6.329302
-6.214720
-6.105530
-6.003063
-5.908774
-5.824237
-5.751121
-5.691167
-5.646146
-5.617815
-5.607860
-5.617834
-5.649095
-5.702744
-5.779571
-5.880014
-6.004135
-6.151621
-6.321793
-6.513646
-6.725894
-6.957034
-7.205405
-7.469251
-7.746783
-8.036227
-8.335864
-8.644062
-8.959303
-9.280190
-9.605456
-9.933967
-10.264716
-10.596818
-10.929503
-11.262104
-11.594049
-11.924849
-12.254092
-12.581432
-12.906579
-13.229295
-13.549385
-13.866691
-14.181090
-14.492481
-14.800791
-15.105965
-15.407964
-15.706764
-16.002351
-16.294723
-16.583883
-16.869843
-17.152617
-17.432226
-17.708692
-17.982040
-18.252298
-18.519491
-18.783650
-19.044800
-19.302972
-19.558191
-19.810484
-20.059878
-20.306395
-20.550058
-20.790890
-21.028910
-21.264134
-21.496580
-21.726262
-21.953191
-22.177377
-22.398827
-22.617548
-22.833543
-23.046811
-23.257352
-23.465161
-23.670230
-23.872551
-24.072110
-24.268892
-24.462878
-24.654047
-24.842372
-25.027826
-25.210375
-25.389982
-25.566607
-25.740205
-25.910725
-26.078113
-26.242307
-26.403242
-26.560846
-26.715038
-26.865733
-27.012837
-27.156247
-27.295853
-27.431532
-27.563153
-27.690572
-27.813633
-27.932166
-28.045986
-28.154890
-28.258660
-28.357054
-28.449812
-28.536646
-28.617244
-28.691263
-28.758327
-28.818024
-28.869902
-28.913463
-28.948158
-28.973384
-28.988472
-28.992684
-28.985200
-28.965110
-28.931403
-28.882949
-28.818484
-28.736591
-28.635677
-28.513942
-28.369343
-28.199557
-28.001921
-27.773368
-27.510338
-27.208666
-26.863429
-26.468744
-26.017483
-25.500872
-24.907903
-24.224451
-23.431896
-22.504863
-21.407338
-20.085476
-18.453104
-16.358621
-13.494772
-9.068823
0.401362
-1.070621
-9.729895
-14.031345
-16.887138
-19.011336
-20.688584
-22.061222
-23.210655
-24.187793
-25.026566
-25.750676
-26.377264
-26.919045
-27.385603
-27.784214
-28.120373
-28.398143
-28.620372
-28.788820
-28.904222
-28.966269
-28.973539
-28.923343
-28.811464
-28.631760
-28.375540
-28.030600
-27.579657
-26.997742
-26.247592
-25.270905
-23.970075
-22.164599
-19.463748
-14.741830
-2.376075
-13.570914
-20.791858
-25.230880
-28.590002
-31.387048
-33.842886
-36.060340
-38.071927
-39.847122
-41.289417
-42.257629
-42.643886
-42.463610
-41.848572
-40.954165
-39.891505
-38.716708
-37.444356
-36.060175
-34.525921
-32.774999
-30.694269
-28.073769
-24.448480
-18.364266
-1.123830
-18.338967
-24.182311
-27.593568
-29.983908
-31.801234
-33.242330
-34.408044
-35.353512
-36.108002
-36.683340
-37.076849
-37.270550
-37.226156
-36.872724
-36.077114
-34.563477
-31.625668
-24.255583
-23.375700
-34.915779
-40.883089
-45.279313
-48.938370
-52.180995
-55.167199
-57.990379
-60.711473
-63.373848
-66.010566
-68.648135
-71.308311
-74.008535
-76.761127
-79.571194
-82.433614
-85.331077
-88.238781
-91.145384
-94.097059
-97.259643
-101.006168
-106.173675
-115.788495
-121.111045
-110.768432
-103.423675
-95.930942
-90.256190
-86.860233
-85.096412
-84.130393
-83.511154
-83.062189
-82.719243
-82.458530
-82.271159
-82.154267
-82.107904
