-12.058988
-12.059129
-12.059274
-12.059422
-12.059575
-12.059733
-12.059894
-12.060060
-12.060231
-12.060406
-12.060587
-12.060772
-12.060962
-12.061158
-12.061359
-12.061566
-12.061778
-12.061997
-12.062221
-12.062452
-12.062689
-12.062932
-12.063182
-12.063440
-12.063704
-12.063976
-12.064255
-12.064542
-12.064837
-12.065140
-12.065451
-12.065772
-12.066101
-12.066439
-12.066786
-12.067143
-12.067510
-12.067887
-12.068275
-12.068673
-12.069082
-12.069503
-12.069935
-12.070379
-12.070836
-12.071305
-12.071787
-12.072283
-12.072792
-12.073315
-12.073853
-12.074405
-12.074973
-12.075556
-12.076156
-12.076772
-12.077405
-12.078056
-12.078725
-12.079412
-12.080118
-12.080843
-12.081589
-12.082355
-12.083142
-12.083951
-12.084782
-12.085636
-12.086513
-12.087415
-12.088341
-12.089293
-12.090271
-12.091277
-12.092309
-12.093370
-12.094461
-12.095581
-12.096732
-12.097914
-12.099129
-12.100378
-12.101660
-12.102978
-12.104332
-12.105723
-12.107152
-12.108620
-12.110128
-12.111677
-12.113269
-12.114904
-12.116584
-12.118310
-12.120083
-12.121904
-12.123775
-12.125696
-12.127670
-12.129698
-12.131781
-12.133920
-12.136117
-12.138374
-12.140693
-12.143074
-12.145519
-12.148031
-12.150610
-12.153259
-12.155980
-12.158774
-12.161643
-12.164589
-12.167615
-12.170722
-12.173912
-12.177188
-12.180551
-12.184004
-12.187550
-12.191190
-12.194928
-12.198765
-12.202704
-12.206747
-12.210898
-12.215159
-12.219532
-12.224021
-12.228628
-12.233357
-12.238209
-12.243190
-12.248300
-12.253545
-12.258926
-12.264447
-12.270112
-12.275924
-12.281887
-12.288003
-12.294278
-12.300714
-12.307315
-12.314085
-12.321028
-12.328148
-12.335449
-12.342934
-12.350609
-12.358478
-12.366544
-12.374812
-12.383286
-12.391971
-12.400871
-12.409991
-12.419336
-12.428909
-12.438717
-12.448762
-12.459051
-12.469588
-12.480377
-12.491424
-12.502734
-12.514311
-12.526160
-12.538285
-12.550693
-12.563387
-12.576373
-12.589655
-12.603238
-12.617126
-12.631325
-12.645839
-12.660671
-12.675828
-12.691312
-12.707128
-12.723279
-12.739771
-12.756605
-12.773787
-12.791318
-12.809202
-12.827442
-12.846040
-12.864998
-12.884318
-12.904001
-12.924049
-12.944462
-12.965241
-12.986384
-13.007892
-13.029763
-13.051995
-13.074586
-13.097532
-13.120830
-13.144475
-13.168461
-13.192782
-13.217431
-13.242401
-13.267681
-13.293262
-13.319132
-13.345279
-13.371689
-13.398347
-13.425237
-13.452340
-13.479638
-13.507109
-13.534731
-13.562479
-13.590327
-13.618245
-13.646205
-13.674173
-13.702115
-13.729993
-13.757767
-13.785396
-13.812833
-13.840032
-13.866941
-13.893506
-13.919670
-13.945371
-13.970545
-13.995124
-14.019035
-14.042202
-14.064543
-14.085973
-14.106401
-14.125732
-14.143863
-14.160690
-14.176097
-14.189966
-14.202171
-14.212578
-14.221046
-14.227427
-14.231563
-14.233287
-14.232422
-14.228782
-14.222169
-14.212372
-14.199169
-14.182323
-14.161582
-14.136678
-14.107326
-14.073221
-14.034037
-13.989428
-13.939018
-13.882409
-13.819170
-13.748836
-13.670906
-13.584839
-13.490045
-13.385884
-13.271657
-13.146599
-13.009870
-12.860544
-12.697596
-12.519886
-12.326142
-12.114938
-11.884661
-11.633485
-11.359319
-11.059761
-10.732020
-10.372835
-9.978347
-9.543948
-9.064061
-8.531844
-7.938761
-7.273959
-6.523336
-5.668070
-4.682213
-3.528548
-2.150889
-0.458510
1.709402
4.679837
9.278186
17.856409
13.632117
6.862991
2.925355
0.180174
-1.922057
-3.621191
-5.042256
-6.258312
-7.315519
-8.244718
-9.067363
-9.798817
-10.450292
-11.030049
-11.544169
-11.997056
-12.391768
-12.730236
-13.013404
-13.241294
-13.413026
-13.526778
-13.579698
-13.567732
-13.485374
-13.325275
-13.077658
-12.729413
-12.262675
-11.652476
-10.862680
-9.838421
-8.490751
-6.661303
-4.024835
0.272052
9.894264
5.791641
-2.264446
-6.658992
-9.719898
-12.084372
-14.015164
-15.645576
-17.052198
-18.282795
-19.368884
-20.332093
-21.187641
-21.946378
-22.616038
-23.202033
-23.707971
-24.135998
-24.487023
-24.760856
-24.956291
-25.071132
-25.102182
-25.045189
-24.894750
-24.644172
-24.285270
-23.808112
-23.200660
-22.448322
-21.533379
-20.434303
-19.125104
-17.575125
-15.750521
-13.620053
-11.167070
-8.384052
-5.082240
0.287851
10.460567
-6.986103
-15.078889
-21.136098
-26.253728
-30.803826
-34.960535
-38.820848
-42.445213
-45.874534
-49.138317
-52.258937
-55.254030
-58.137911
-60.922463
-63.617711
-66.232230
-68.773424
-71.247741
-73.660833
-76.017684
-78.322711
-80.579845
-82.792601
-84.964131
-87.097271
-89.194583
-91.258386
-93.290787
-95.293703
-97.268883
-99.217930
-101.142310
-103.043370
-104.922351
-106.780398
-108.618565
-110.437831
-112.239101
-114.023215
-115.790954
-117.543044
-119.280163
-121.002940
-122.711966
-124.407791
-126.090931
-127.761867
-129.421053
-131.068912
-132.705842
-134.332219
-135.948393
-137.554696
-139.151439
-140.738916
-142.317403
-143.887162
-145.448440
-147.001469
-148.546469
-150.083649
-151.613207
-153.135330
-154.650196
-156.157973
-157.658824
-159.152901
-160.640352
-162.121318
-163.595934
-165.064330
-166.526635
-167.982969
-169.433455
-170.878209
-172.317349
-173.750990
-175.179249
-176.602243
-178.020091
-179.432915
-180.840841
-182.244000
-183.642530
-185.036576
-186.426294
-187.811849
-189.193421
-190.571205
-191.945413
-193.316278
-194.684060
-196.049041
-197.411540
-198.771910
-200.130547
-201.487897
-202.844460
-204.200805
-205.557573
-206.915497
-208.275411
-209.638271
-211.005177
-212.377397
-213.756400
-215.143896
-216.541888
-217.952730
-219.379214
-220.824668
-222.293096
-223.789363
-225.319439
-226.890752
-228.512678
-230.197269
-231.960354
-233.823282
-235.815814
-237.981225
-240.386042
-243.140646
-246.449707
-250.766684
-257.509067
-289.109486
-259.786524
-254.560339
-251.972761
-250.501467
-249.700245
-249.403096
