-0.013358
-0.013251
-0.013140
-0.013027
-0.012910
-0.012790
-0.012667
-0.012540
-0.012410
-0.012277
-0.012139
-0.011998
-0.011853
-0.011703
-0.011550
-0.011392
-0.011230
-0.011063
-0.010892
-0.010716
-0.010535
-0.010349
-0.010158
-0.009962
-0.009760
-0.009552
-0.009339
-0.009120
-0.008895
-0.008663
-0.008425
-0.008180
-0.007929
-0.007670
-0.007405
-0.007132
-0.006851
-0.006563
-0.006266
-0.005961
-0.005648
-0.005326
-0.004995
-0.004655
-0.004306
-0.003946
-0.003577
-0.003197
-0.002807
-0.002406
-0.001994
-0.001570
-0.001135
-0.000687
-0.000227
0.000246
0.000732
0.001232
0.001745
0.002273
0.002816
0.003374
0.003947
0.004536
0.005142
0.005765
0.006405
0.007063
0.007739
0.008434
0.009148
0.009883
0.010638
0.011414
0.012211
0.013031
0.013874
0.014740
0.015631
0.016546
0.017487
0.018455
0.019449
0.020471
0.021522
0.022602
0.023712
0.024854
0.026027
0.027233
0.028473
0.029748
0.031058
0.032405
0.033790
0.035213
0.036677
0.038181
0.039728
0.041318
0.042952
0.044633
0.046361
0.048137
0.049963
0.051840
0.053770
0.055755
0.057795
0.059892
0.062049
0.064266
0.066546
0.068890
0.071300
0.073778
0.076325
0.078945
0.081638
0.084408
0.087256
0.090184
0.093195
0.096292
0.099476
0.102750
0.106117
0.109579
0.113139
0.116801
0.120566
0.124439
0.128421
0.132517
0.136730
0.141062
0.145518
0.150101
0.154815
0.159664
0.164651
0.169781
0.175058
0.180485
0.186069
0.191813
0.197722
0.203801
0.210055
0.216489
0.223109
0.229920
0.236928
0.244139
0.251559
0.259193
0.267050
0.275135
0.283456
0.292019
0.300832
0.309902
0.319238
0.328848
0.338740
0.348923
0.359406
0.370198
0.381309
0.392749
0.404528
0.416658
0.429148
0.442010
0.455257
0.468901
0.482954
0.497430
0.512341
0.527704
0.543531
0.559839
0.576643
0.593959
0.611805
0.630199
0.649158
0.668702
0.688850
0.709624
0.731044
0.753132
0.775913
0.799410
0.823648
0.848653
0.874453
0.901076
0.928551
0.956910
0.986185
1.016408
1.047616
1.079845
1.113133
1.147520
1.183049
1.219763
1.257709
1.296934
1.337489
1.379427
1.422803
1.467677
1.514109
1.562164
1.611910
1.663419
1.716765
1.772029
1.829294
1.888649
1.950187
2.014008
2.080215
2.148921
2.220243
2.294305
2.371241
2.451190
2.534304
2.620743
2.710676
2.804286
2.901767
3.003327
3.109190
3.219593
3.334794
3.455068
3.580712
3.712045
3.849412
3.993185
4.143767
4.301591
4.467131
4.640897
4.823443
5.015373
5.217339
5.430050
5.654276
5.890850
6.140671
6.404705
6.683983
6.979597
7.292681
7.624386
7.975837
8.348053
8.741827
9.157538
9.594847
10.052251
10.526402
11.011136
11.496148
11.965381
12.395450
12.754976
13.006308
13.111184
13.040179
12.782356
12.349342
11.770988
11.085637
10.330760
9.537444
8.728776
7.920567
7.122933
6.341903
5.580735
4.840874
4.122626
3.425601
2.749011
2.091858
1.453057
0.831509
0.226150
-0.364018
-0.939914
-1.502368
-2.052113
-2.589786
-3.115924
-3.630966
-4.135249
-4.629011
-5.112387
-5.585407
-6.047995
-6.499968
-6.941030
-7.370775
-7.788680
-8.194107
-8.586307
-8.964419
-9.327478
-9.674427
-10.004127
-10.315377
-10.606935
-10.877547
-11.125973
-11.351021
-11.551577
-11.726640
-11.875340
-11.996968
-12.090978
-12.156994
-12.194798
-12.204309
-12.185552
-12.138614
-12.063600
-11.960573
-11.829493
-11.670153
-11.482107
-11.264592
-11.016440
-10.735974
-10.420891
-10.068099
-9.673518
-9.231804
-8.735974
-8.176860
-7.542310
-6.815972
-5.975370
-4.988717
-3.809376
-2.365623
-0.540572
1.868210
5.205480
9.468544
9.437467
4.752924
0.934801
-1.922417
-4.164658
-5.994852
-7.527987
-8.832955
-9.953515
-10.919070
-11.750558
-12.463863
-13.071842
-13.585528
-14.014816
-14.368806
-14.655944
-14.884038
-15.060226
-15.190929
-15.281813
-15.337774
-15.362936
-15.360667
-15.333607
-15.283688
-15.212152
-15.119554
-15.005752
-14.869869
-14.710229
-14.524259
-14.308343
-14.057632
-13.765783
-13.424618
-13.023681
-12.549650
-11.985548
-11.309648
-10.493828
-9.500920
-8.279996
-6.757154
-4.815645
-2.247518
1.384377
7.197043
13.393230
6.186300
1.514070
-1.351672
-3.318117
-4.754974
-5.844750
-6.690933
-7.357991
-7.888797
-8.313228
-8.652829
-8.923534
-9.137351
-9.303463
-9.428960
-9.519347
-9.578910
-9.610971
-9.618081
-9.602148
-9.564544
-9.506167
-9.427485
-9.328559
-9.209041
-9.068157
-8.904663
-8.716767
-8.502016
-8.257129
-7.977743
-7.658039
-7.290172
-6.863380
-6.362546
-5.765767
-5.040027
-4.132933
-2.955482
-1.341355
1.068334
5.260283
14.470515
6.185664
-1.241535
-5.745742
-8.582046
-9.984925
-10.241285
-9.784571
-8.949203
-7.896747
-6.667657
-5.222768
-3.438173
-1.019058
2.835037
8.149437
-1.483489
-8.395065
-5.830937
-2.628990
-1.071455
-1.401105
-2.851297
-4.597842
-6.299641
-7.874317
-9.320625
-10.656683
-11.902430
-13.075339
-14.189856
-15.257799
-16.288893
-17.291268
-18.271852
-19.236676
-20.191126
-21.140131
-22.088325
-23.040191
-24.000180
-24.972843
-25.962953
-26.975650
-28.016609
-29.092251
-30.210008
-31.378692
-32.609002
-33.914264
-35.311540
-36.823384
-38.480736
-40.328040
-42.432979
-44.907088
-47.956191
-52.034910
-58.561903
-89.970985
-60.481939
-55.116142
-52.416665
-50.862451
-50.008578
-49.690365
