-24.081053
-24.080837
-24.080615
-24.080387
-24.080152
-24.079911
-24.079664
-24.079409
-24.079147
-24.078878
-24.078601
-24.078317
-24.078025
-24.077724
-24.077415
-24.077098
-24.076772
-24.076436
-24.076091
-24.075737
-24.075373
-24.074998
-24.074613
-24.074217
-24.073810
-24.073392
-24.072962
-24.072520
-24.072065
-24.071598
-24.071118
-24.070624
-24.070117
-24.069595
-24.069058
-24.068507
-24.067940
-24.067357
-24.066758
-24.066142
-24.065508
-24.064857
-24.064188
-24.063499
-24.062792
-24.062064
-24.061316
-24.060547
-24.059756
-24.058943
-24.058107
-24.057248
-24.056364
-24.055455
-24.054521
-24.053560
-24.052572
-24.051556
-24.050511
-24.049437
-24.048332
-24.047196
-24.046028
-24.044827
-24.043592
-24.042321
-24.041015
-24.039671
-24.038289
-24.036868
-24.035406
-24.033903
-24.032357
-24.030766
-24.029131
-24.027448
-24.025717
-24.023937
-24.022106
-24.020222
-24.018285
-24.016291
-24.014240
-24.012131
-24.009960
-24.007727
-24.005429
-24.003065
-24.000633
-23.998130
-23.995555
-23.992905
-23.990178
-23.987371
-23.984483
-23.981511
-23.978452
-23.975303
-23.972062
-23.968727
-23.965293
-23.961758
-23.958119
-23.954373
-23.950516
-23.946545
-23.942457
-23.938247
-23.933911
-23.929447
-23.924849
-23.920113
-23.915236
-23.910212
-23.905037
-23.899706
-23.894214
-23.888555
-23.882725
-23.876717
-23.870525
-23.864145
-23.857569
-23.850790
-23.843803
-23.836600
-23.829174
-23.821516
-23.813621
-23.805478
-23.797080
-23.788417
-23.779482
-23.770263
-23.760752
-23.750937
-23.740808
-23.730354
-23.719563
-23.708424
-23.696922
-23.685045
-23.672779
-23.660110
-23.647023
-23.633502
-23.619531
-23.605092
-23.590168
-23.574739
-23.558787
-23.542291
-23.525229
-23.507579
-23.489318
-23.470421
-23.450862
-23.430613
-23.409648
-23.387935
-23.365443
-23.342140
-23.317991
-23.292960
-23.267008
-23.240095
-23.212179
-23.183215
-23.153157
-23.121953
-23.089552
-23.055900
-23.020936
-22.984600
-22.946826
-22.907546
-22.866685
-22.824168
-22.779911
-22.733827
-22.685824
-22.635804
-22.583663
-22.529290
-22.472567
-22.413367
-22.351558
-22.286996
-22.219529
-22.148994
-22.075217
-21.998011
-21.917178
-21.832503
-21.743756
-21.650691
-21.553043
-21.450526
-21.342833
-21.229631
-21.110561
-20.985234
-20.853230
-20.714090
-20.567318
-20.412371
-20.248656
-20.075526
-19.892269
-19.698104
-19.492166
-19.273501
-19.041046
-18.793620
-18.529897
-18.248386
-17.947403
-17.625030
-17.279072
-16.906998
-16.505869
-16.072234
-15.602007
-15.090289
-14.531134
-13.917212
-13.239334
-12.485746
-11.641051
-10.684514
-9.587224
-8.307126
-6.779613
-4.898001
-2.467669
0.920937
6.295711
12.659280
5.576775
0.413230
-2.910964
-5.332639
-7.229886
-8.785217
-10.099744
-11.235141
-12.231754
-13.117422
-13.912167
-14.630884
-15.284970
-15.883350
-16.433159
-16.940198
-17.409258
-17.844350
-18.248872
-18.625734
-18.977450
-19.306213
-19.613947
-19.902355
-20.172950
-20.427084
-20.665971
-20.890705
-21.102272
-21.301566
-21.489400
-21.666507
-21.833558
-21.991156
-22.139852
-22.280140
-22.412465
-22.537223
-22.654764
-22.765391
-22.869364
-22.966896
-23.058152
-23.143249
-23.222250
-23.295162
-23.361931
-23.422433
-23.476465
-23.523737
-23.563853
-23.596302
-23.620430
-23.635420
-23.640261
-23.633711
-23.614253
-23.580045
-23.528858
-23.457999
-23.364235
-23.243690
-23.091737
-22.902879
-22.670616
-22.387302
-22.043986
-21.630230
-21.133882
-20.540737
-19.833994
-18.993319
-17.993141
-16.799532
-15.364301
-13.613195
-11.420208
-8.543485
-4.431023
2.443190
5.396384
-2.138970
-6.340116
-9.029793
-10.948978
-12.405486
-13.554412
-14.484622
-15.251706
-15.892676
-16.433315
-16.892190
-17.282985
-17.615933
-17.898729
-18.137117
-18.335285
-18.496105
-18.621278
-18.711394
-18.765913
-18.783074
-18.759713
-18.690990
-18.569982
-18.387117
-18.129379
-17.779225
-17.313065
-16.699068
-15.893852
-14.836976
-13.440773
-11.569378
-8.992033
-5.292630
-0.254979
-0.036100
-4.754608
-8.174894
-10.507505
-12.178203
-13.420522
-14.367824
-15.102181
-15.677097
-16.128841
-16.482542
-16.755665
-16.960024
-17.102880
-17.187361
-17.212237
-17.170918
-17.049325
-16.821924
-16.444681
-15.842869
-14.890656
-13.378316
-10.961066
-7.110977
-2.189277
-3.409834
-7.266760
-9.710194
-11.182828
-12.081250
-12.620065
-12.917025
-13.038379
-13.020870
-12.882424
-12.626860
-12.244769
-11.711001
-10.978456
-9.970068
-8.595851
-7.003071
-6.732177
-9.417327
-12.366059
-13.896494
-14.274021
-14.072201
-13.627415
-13.085903
-12.508404
-11.924201
-11.354118
-10.820628
-10.352461
-9.985469
-9.759117
-9.708136
-9.851720
-10.186153
-10.685957
-11.312757
-12.025992
-12.790396
-13.578968
-14.372823
-15.159657
-15.931983
-16.685619
-17.418562
-18.130193
-18.820749
-19.490972
-20.141886
-20.774655
-21.390493
-21.990610
-22.576182
-23.148331
-23.708118
-24.256540
-24.794528
-25.322956
-25.842635
-26.354327
-26.858743
-27.356549
-27.848371
-28.334801
-28.816396
-29.293685
-29.767171
-30.237336
-30.704641
-31.169531
-31.632436
-32.093775
-32.553957
-33.013381
-33.472444
-33.931537
-34.391050
-34.851373
-35.312898
-35.776021
-36.241146
-36.708682
-37.179050
-37.652684
-38.130032
-38.611560
-39.097755
-39.589127
-40.086212
-40.589580
-41.099832
-41.617612
-42.143608
-42.678561
-43.223268
-43.778596
-44.345487
-44.924970
-45.518177
-46.126355
-46.750886
-47.393310
-48.055351
-48.738951
-49.446309
-50.179934
-50.942708
-51.737967
-52.569606
-53.442218
-54.361280
-55.333399
-56.366663
-57.471140
-58.659599
-59.948619
-61.360330
-62.925307
-64.687678
-66.714858
-69.118160
-72.103227
-76.124539
-82.600654
-113.965324
-84.438307
-79.040999
-76.316529
-74.743943
-73.878469
-73.555629
