-0.009654
-0.009521
-0.009385
-0.009244
-0.009100
-0.008951
-0.008798
-0.008642
-0.008480
-0.008315
-0.008144
-0.007969
-0.007790
-0.007605
-0.007415
-0.007220
-0.007019
-0.006813
-0.006601
-0.006383
-0.006159
-0.005929
-0.005692
-0.005449
-0.005200
-0.004943
-0.004679
-0.004408
-0.004129
-0.003843
-0.003548
-0.003246
-0.002935
-0.002615
-0.002287
-0.001950
-0.001603
-0.001246
-0.000880
-0.000504
-0.000117
0.000281
0.000690
0.001110
0.001541
0.001985
0.002441
0.002909
0.003391
0.003885
0.004394
0.004916
0.005454
0.006005
0.006573
0.007155
0.007754
0.008370
0.009003
0.009653
0.010321
0.011007
0.011713
0.012438
0.013183
0.013948
0.014735
0.015544
0.016374
0.017228
0.018106
0.019007
0.019933
0.020885
0.021864
0.022869
0.023902
0.024963
0.026054
0.027174
0.028326
0.029509
0.030725
0.031974
0.033257
0.034576
0.035931
0.037323
0.038754
0.040224
0.041734
0.043285
0.044879
0.046517
0.048199
0.049928
0.051703
0.053528
0.055402
0.057327
0.059305
0.061337
0.063424
0.065568
0.067770
0.070032
0.072356
0.074743
0.077194
0.079712
0.082298
0.084954
0.087681
0.090483
0.093359
0.096313
0.099347
0.102462
0.105660
0.108945
0.112316
0.115778
0.119332
0.122981
0.126726
0.130571
0.134517
0.138568
0.142725
0.146991
0.151369
0.155861
0.160470
0.165199
0.170051
0.175028
0.180132
0.185368
0.190737
0.196243
0.201888
0.207675
0.213607
0.219688
0.225919
0.232304
0.238846
0.245547
0.252410
0.259437
0.266633
0.273998
0.281535
0.289247
0.297136
0.305203
0.313452
0.321883
0.330497
0.339297
0.348282
0.357454
0.366813
0.376357
0.386088
0.396003
0.406102
0.416381
0.426837
0.437468
0.448267
0.459231
0.470353
0.481624
0.493037
0.504582
0.516246
0.528017
0.539881
0.551821
0.563818
0.575852
0.587900
0.599936
0.611932
0.623857
0.635676
0.647350
0.658839
0.670097
0.681073
0.691713
0.701958
0.711742
0.720997
0.729646
0.737608
0.744793
0.751109
0.756453
0.760718
0.763786
0.765537
0.765841
0.764560
0.761550
0.756662
0.749739
0.740619
0.729133
0.715112
0.698382
0.678765
0.656087
0.630173
0.600852
0.567957
0.531332
0.490826
0.446305
0.397647
0.344748
0.287524
0.225912
0.159874
0.089397
0.014497
-0.064784
-0.148374
-0.236169
-0.328039
-0.423824
-0.523339
-0.626372
-0.732687
-0.842030
-0.954129
-1.068697
-1.185438
-1.304049
-1.424222
-1.545651
-1.668034
-1.791076
-1.914492
-2.038011
-2.161376
-2.284351
-2.406718
-2.528280
-2.648864
-2.768318
-2.886516
-3.003355
-3.118756
-3.232661
-3.345039
-3.455878
-3.565188
-3.672999
-3.779359
-3.884336
-3.988013
-4.090488
-4.191875
-4.292299
-4.391897
-4.490819
-4.589222
-4.687273
-4.785148
-4.883028
-4.981101
-5.079561
-5.178607
-5.278440
-5.379269
-5.481302
-5.584751
-5.689829
-5.796752
-5.905734
-6.016990
-6.130733
-6.247176
-6.366525
-6.488984
-6.614751
-6.744013
-6.876952
-7.013733
-7.154509
-7.299414
-7.448560
-7.602034
-7.759892
-7.922157
-8.088807
-8.259777
-8.434944
-8.614123
-8.797061
-8.983420
-9.172779
-9.364615
-9.558299
-9.753084
-9.948103
-10.142360
-10.334728
-10.523954
-10.708664
-10.887378
-11.058532
-11.220509
-11.371674
-11.510423
-11.635235
-11.744723
-11.837697
-11.913208
-11.970595
-12.009513
-12.029947
-12.032213
-12.016932
-11.985004
-11.937557
-11.875900
-11.801464
-11.715754
-11.620296
-11.516599
-11.406119
-11.290234
-11.170227
-11.047273
-10.922438
-10.796674
-10.670827
-10.545640
-10.421760
-10.299751
-10.180098
-10.063217
-9.949468
-9.839157
-9.732548
-9.629870
-9.531321
-9.437076
-9.347290
-9.262108
-9.181662
-9.106079
-9.035484
-8.970002
-8.909760
-8.854893
-8.805538
-8.761844
-8.723969
-8.692082
-8.666364
-8.647007
-8.634217
-8.628212
-8.629224
-8.637494
-8.653278
-8.676838
-8.708446
-8.748381
-8.796925
-8.854359
-8.920964
-8.997012
-9.082767
-9.178472
-9.284353
-9.400603
-9.527384
-9.664814
-9.812960
-9.971834
-10.141382
-10.321478
-10.511918
-10.712419
-10.922613
-11.142055
-11.370231
-11.606571
-11.850478
-12.101356
-12.358654
-12.621915
-12.890823
-13.165260
-13.445346
-13.731471
-14.024306
-14.324794
-14.634120
-14.953661
-15.284925
-15.629493
-15.988955
-16.364868
-16.758728
-17.171952
-17.605890
-18.061837
-18.541064
-19.044856
-19.574545
-20.131558
-20.717447
-21.333937
-21.982958
-22.666691
-23.387625
-24.148638
-24.953148
-25.805376
-26.710839
-27.677231
-28.715958
-29.844736
-31.091880
-32.503486
-34.156311
-36.184404
-38.846778
-42.756094
-50.197051
-58.867293
-45.372262
-40.333417
-37.191742
-34.922489
-33.159708
-31.728867
-30.532243
-29.509162
-28.619104
-27.833466
-27.131111
-26.495716
-25.914067
-25.374813
-24.867405
-24.381011
-23.903240
-23.418831
-22.910403
-22.373162
-21.887399
-21.737850
-22.030191
-22.295129
-22.329985
-22.226269
-22.066560
-21.889284
-21.710297
-21.535977
-21.368771
-21.209459
-21.058100
-20.914446
-20.778122
-20.648720
-20.525831
-20.409064
-20.298055
-20.192468
-20.091995
-19.996351
-19.905280
-19.818543
-19.735924
-19.657224
-19.582261
-19.510870
-19.442896
-19.378200
-19.316653
-19.258139
-19.202550
-19.149788
-19.099766
-19.052403
-19.007627
-18.965375
-18.925590
-18.888223
-18.853233
-18.820584
-18.790250
-18.762210
-18.736452
-18.712971
-18.691769
-18.672857
-18.656256
-18.641994
-18.630109
-18.620651
-18.613680
-18.609271
-18.607511
