0.077208
0.079691
0.082241
0.084861
0.087553
0.090317
0.093158
0.096075
0.099072
0.102151
0.105313
0.108561
0.111898
0.115325
0.118845
0.122460
0.126174
0.129988
0.133905
0.137928
0.142059
0.146303
0.150660
0.155135
0.159731
0.164450
0.169296
0.174273
0.179382
0.184629
0.190016
0.195548
0.201227
0.207057
0.213044
0.219190
0.225499
0.231976
0.238625
0.245450
0.252456
0.259647
0.267028
0.274604
0.282379
0.290359
0.298548
0.306952
0.315577
0.324426
0.333507
0.342824
0.352383
0.362191
0.372252
0.382574
0.393163
0.404024
0.415165
0.426592
0.438311
0.450330
0.462656
0.475295
0.488255
0.501543
0.515167
0.529135
0.543453
0.558131
0.573175
0.588595
0.604399
0.620595
0.637191
0.654196
0.671620
0.689470
0.707756
0.726488
0.745675
0.765325
0.785449
0.806057
0.827157
0.848761
0.870878
0.893518
0.916692
0.940410
0.964682
0.989519
1.014932
1.040931
1.067528
1.094732
1.122556
1.151011
1.180106
1.209855
1.240267
1.271355
1.303130
1.335603
1.368785
1.402689
1.437325
1.472706
1.508843
1.545747
1.583430
1.621903
1.661179
1.701268
1.742183
1.783934
1.826533
1.869992
1.914322
1.959534
2.005639
2.052649
2.100574
2.149426
2.199215
2.249952
2.301648
2.354314
2.407959
2.462594
2.518229
2.574874
2.632539
2.691234
2.750968
2.811750
2.873590
2.936496
3.000478
3.065544
3.131703
3.198962
3.267329
3.336813
3.407420
3.479159
3.552036
3.626057
3.701230
3.777560
3.855054
3.933717
4.013555
4.094572
4.176773
4.260162
4.344744
4.430521
4.517497
4.605675
4.695057
4.785643
4.877437
4.970437
5.064644
5.160057
5.256675
5.354495
5.453514
5.553729
5.655134
5.757722
5.861488
5.966421
6.072513
6.179752
6.288125
6.397616
6.508210
6.619886
6.732625
6.846402
6.961190
7.076961
7.193681
7.311314
7.429821
7.549156
7.669272
7.790113
7.911623
8.033735
8.156379
8.279478
8.402947
8.526693
8.650616
8.774608
8.898549
9.022310
9.145754
9.268730
9.391076
9.512620
9.633174
9.752541
9.870508
9.986849
10.101325
10.213684
10.323660
10.430976
10.535340
10.636453
10.734002
10.827669
10.917128
11.002051
11.082105
11.156961
11.226293
11.289784
11.347128
11.398032
11.442225
11.479455
11.509498
11.532160
11.547278
11.554725
11.554408
11.546276
11.530316
11.506554
11.475054
11.435919
11.389287
11.335330
11.274249
11.206275
11.131661
11.050680
10.963623
10.870792
10.772501
10.669065
10.560806
10.448044
10.331095
10.210270
10.085873
9.958198
9.827530
9.694142
9.558292
9.420229
9.280186
9.138385
8.995031
8.850318
8.704428
8.557529
8.409776
8.261313
8.112275
7.962783
7.812950
7.662878
7.512662
7.362387
7.212131
7.061966
6.911954
6.762153
6.612616
6.463388
6.314513
6.166025
6.017960
5.870345
5.723206
5.576566
5.430444
5.284858
5.139822
4.995348
4.851446
4.708125
4.565392
4.423252
4.281710
4.140769
4.000429
3.860694
3.721561
3.583032
3.445104
3.307776
3.171046
3.034910
2.899367
2.764412
2.630041
2.496252
2.363039
2.230399
2.098327
1.966820
1.835872
1.705480
1.575639
1.446345
1.317593
1.189381
1.061702
0.934554
0.807933
0.681836
0.556257
0.431195
0.306646
0.182607
0.059075
-0.063952
-0.186477
-0.308503
-0.430031
-0.551063
-0.671602
-0.791648
-0.911202
-1.030267
-1.148842
-1.266928
-1.384526
-1.501637
-1.618259
-1.734394
-1.850040
-1.965197
-2.079865
-2.194042
-2.307727
-2.420919
-2.533616
-2.645817
-2.757519
-2.868721
-2.979420
-3.089614
-3.199300
-3.308475
-3.417136
-3.525281
-3.632905
-3.740005
-3.846578
-3.952620
-4.058127
-4.163095
-4.267519
-4.371395
-4.474718
-4.577485
-4.679690
-4.781327
-4.882393
-4.982882
-5.082787
-5.182105
-5.280829
-5.378954
-5.476473
-5.573380
-5.669670
-5.765336
-5.860371
-5.954768
-6.048521
-6.141622
-6.234064
-6.325840
-6.416941
-6.507359
-6.597086
-6.686113
-6.774430
-6.862028
-6.948896
-7.035023
-7.120398
-7.205009
-7.288842
-7.371884
-7.454120
-7.535532
-7.616104
-7.695817
-7.774650
-7.852579
-7.929581
-8.005628
-8.080690
-8.154734
-8.227723
-8.299616
-8.370367
-8.439927
-8.508238
-8.575237
-8.640852
-8.705005
-8.767603
-8.828546
-8.887719
-8.944991
-9.000214
-9.053219
-9.103815
-9.151783
-9.196872
-9.238795
-9.277222
-9.311773
-9.342010
-9.367427
-9.387435
-9.401353
-9.408385
-9.407603
-9.397918
-9.378054
-9.346508
-9.301507
-9.240952
-9.162354
-9.062759
-8.938653
-8.785856
-8.599409
-8.373456
-8.101158
-7.774699
-7.385553
-6.925331
-6.388016
-5.775271
-5.108297
-4.451648
-3.949641
-3.841819
-4.366049
-5.560689
-7.237938
-9.177721
-11.262785
-13.491676
-15.972665
-18.979452
-23.234675
-31.932696
-33.318082
-22.404496
-16.921782
-12.906100
-9.896119
-8.382648
-8.733779
-10.202276
-11.619023
-11.587414
-9.322693
-6.191423
-4.277242
-4.338961
-5.268936
-6.050059
-6.016225
-4.452436
-1.170367
2.251310
2.966496
1.877803
0.819881
0.116715
-0.298597
-0.514739
-0.598058
-0.595566
-0.541007
-0.459004
-0.367556
-0.279530
-0.203648
-0.145217
-0.106774
-0.088689
-0.089746
-0.107662
-0.139534
-0.182193
-0.232459
-0.287317
-0.344012
-0.400093
-0.453429
-0.502185
-0.544800
-0.579957
-0.606549
-0.623662
-0.630556
