-0.007083
-0.006915
-0.006741
-0.006563
-0.006380
-0.006192
-0.005999
-0.005801
-0.005597
-0.005387
-0.005172
-0.004950
-0.004723
-0.004489
-0.004249
-0.004002
-0.003749
-0.003489
-0.003221
-0.002946
-0.002664
-0.002373
-0.002075
-0.001769
-0.001454
-0.001131
-0.000798
-0.000457
-0.000106
0.000254
0.000624
0.001004
0.001395
0.001796
0.002209
0.002632
0.003067
0.003514
0.003973
0.004445
0.004929
0.005427
0.005938
0.006463
0.007002
0.007556
0.008125
0.008709
0.009309
0.009926
0.010559
0.011209
0.011876
0.012562
0.013266
0.013989
0.014731
0.015494
0.016276
0.017080
0.017905
0.018753
0.019623
0.020516
0.021433
0.022374
0.023340
0.024332
0.025351
0.026396
0.027469
0.028570
0.029700
0.030860
0.032050
0.033271
0.034525
0.035811
0.037131
0.038485
0.039874
0.041299
0.042761
0.044261
0.045799
0.047377
0.048995
0.050654
0.052356
0.054101
0.055891
0.057725
0.059606
0.061534
0.063510
0.065535
0.067611
0.069738
0.071917
0.074150
0.076438
0.078782
0.081182
0.083640
0.086158
0.088735
0.091374
0.094076
0.096840
0.099670
0.102566
0.105528
0.108558
0.111658
0.114827
0.118068
0.121381
0.124767
0.128228
0.131764
0.135376
0.139064
0.142831
0.146676
0.150600
0.154605
0.158689
0.162855
0.167103
0.171432
0.175843
0.180336
0.184912
0.189569
0.194309
0.199130
0.204032
0.209015
0.214077
0.219217
0.224434
0.229727
0.235094
0.240533
0.246041
0.251616
0.257256
0.262956
0.268714
0.274525
0.280386
0.286291
0.292235
0.298212
0.304218
0.310243
0.316282
0.322327
0.328368
0.334398
0.340405
0.346379
0.352310
0.358184
0.363989
0.369710
0.375333
0.380842
0.386219
0.391448
0.396508
0.401380
0.406041
0.410470
0.414642
0.418531
0.422111
0.425354
0.428230
0.430708
0.432754
0.434335
0.435415
0.435956
0.435919
0.435263
0.433946
0.431924
0.429150
0.425578
0.421158
0.415841
0.409574
0.402304
0.393975
0.384534
0.373921
0.362080
0.348950
0.334474
0.318590
0.301238
0.282358
0.261888
0.239769
0.215942
0.190346
0.162925
0.133622
0.102383
0.069154
0.033886
-0.003469
-0.042956
-0.084617
-0.128491
-0.174611
-0.223008
-0.273709
-0.326734
-0.382102
-0.439823
-0.499907
-0.562353
-0.627160
-0.694318
-0.763815
-0.835630
-0.909741
-0.986116
-1.064723
-1.145521
-1.228467
-1.313513
-1.400606
-1.489689
-1.580702
-1.673582
-1.768261
-1.864671
-1.962740
-2.062394
-2.163556
-2.266151
-2.370099
-2.475322
-2.581741
-2.689275
-2.797846
-2.907374
-3.017782
-3.128991
-3.240926
-3.353512
-3.466675
-3.580344
-3.694449
-3.808923
-3.923700
-4.038717
-4.153914
-4.269231
-4.384614
-4.500008
-4.615364
-4.730633
-4.845771
-4.960733
-5.075482
-5.189979
-5.304190
-5.418082
-5.531627
-5.644798
-5.757571
-5.869924
-5.981837
-6.093294
-6.204281
-6.314784
-6.424795
-6.534306
-6.643311
-6.751806
-6.859790
-6.967264
-7.074230
-7.180691
-7.286655
-7.392128
-7.497121
-7.601643
-7.705708
-7.809329
-7.912523
-8.015304
-8.117693
-8.219707
-8.321367
-8.422696
-8.523715
-8.624449
-8.724923
-8.825161
-8.925192
-9.025041
-9.124738
-9.224312
-9.323791
-9.423207
-9.522591
-9.621974
-9.721388
-9.820866
-9.920442
-10.020147
-10.120017
-10.220086
-10.320388
-10.420958
-10.521830
-10.623041
-10.724625
-10.826618
-10.929056
-11.031975
-11.135409
-11.239395
-11.343968
-11.449165
-11.555019
-11.661568
-11.768847
-11.876889
-11.985731
-12.095407
-12.205951
-12.317397
-12.429781
-12.543134
-12.657490
-12.772883
-12.889344
-13.006905
-13.125600
-13.245457
-13.366509
-13.488786
-13.612317
-13.737132
-13.863260
-13.990729
-14.119567
-14.249801
-14.381459
-14.514565
-14.649147
-14.785228
-14.922834
-15.061989
-15.202716
-15.345039
-15.488979
-15.634559
-15.781800
-15.930723
-16.081348
-16.233696
-16.387785
-16.543636
-16.701266
-16.860694
-17.021937
-17.185014
-17.349941
-17.516735
-17.685414
-17.855992
-18.028487
-18.202914
-18.379290
-18.557629
-18.737948
-18.920262
-19.104588
-19.290940
-19.479335
-19.669788
-19.862317
-20.056936
-20.253664
-20.452517
-20.653513
-20.856669
-21.062005
-21.269539
-21.479290
-21.691281
-21.905530
-22.122061
-22.340896
-22.562058
-22.785574
-23.011467
-23.239765
-23.470497
-23.703690
-23.939377
-24.177588
-24.418358
-24.661720
-24.907712
-25.156371
-25.407737
-25.661851
-25.918757
-26.178499
-26.441125
-26.706682
-26.975220
-27.246794
-27.521456
-27.799262
-28.080271
-28.364541
-28.652134
-28.943111
-29.237537
-29.535476
-29.836992
-30.142151
-30.451017
-30.763654
-31.080124
-31.400485
-31.724793
-32.053096
-32.385436
-32.721846
-33.062347
-33.406943
-33.755623
-34.108351
-34.465067
-34.825678
-35.190060
-35.558052
-35.929466
-36.304096
-36.681760
-37.062381
-37.446143
-37.833818
-38.227389
-38.631248
-39.054432
-39.514556
-40.043736
-40.694080
-41.531747
-42.598250
-43.841222
-45.097323
-46.199067
-47.090277
-47.816283
-48.449781
-49.047236
-49.642468
-50.253248
-50.888091
-51.550561
-52.241563
-52.960391
-53.705072
-54.472263
-55.256886
-56.051785
-56.848233
-57.639751
-58.434756
-59.282912
-60.293473
-61.574947
-63.116374
-64.802284
-66.533097
-68.265133
-69.982203
-71.673325
-73.351036
-75.116646
-77.166087
-79.616604
-82.417165
-85.475910
-88.751505
-92.290149
-96.364383
-102.050792
-117.672321
-105.557417
-98.299128
-94.250477
-91.441830
-89.341312
-87.727898
-86.488809
-85.560100
-84.904368
-84.501132
-84.342517
