-0.009155
-0.009148
-0.009141
-0.009133
-0.009125
-0.009117
-0.009109
-0.009100
-0.009092
-0.009083
-0.009074
-0.009064
-0.009055
-0.009045
-0.009034
-0.009024
-0.009013
-0.009002
-0.008990
-0.008979
-0.008967
-0.008954
-0.008941
-0.008928
-0.008915
-0.008901
-0.008887
-0.008872
-0.008857
-0.008842
-0.008826
-0.008809
-0.008793
-0.008775
-0.008758
-0.008739
-0.008721
-0.008701
-0.008682
-0.008661
-0.008640
-0.008619
-0.008597
-0.008574
-0.008551
-0.008527
-0.008502
-0.008477
-0.008451
-0.008424
-0.008396
-0.008368
-0.008339
-0.008309
-0.008278
-0.008247
-0.008214
-0.008181
-0.008147
-0.008111
-0.008075
-0.008038
-0.008000
-0.007960
-0.007920
-0.007878
-0.007835
-0.007792
-0.007746
-0.007700
-0.007652
-0.007603
-0.007553
-0.007501
-0.007448
-0.007393
-0.007337
-0.007279
-0.007220
-0.007158
-0.007096
-0.007031
-0.006965
-0.006896
-0.006826
-0.006754
-0.006680
-0.006604
-0.006526
-0.006445
-0.006362
-0.006277
-0.006190
-0.006100
-0.006007
-0.005912
-0.005815
-0.005714
-0.005611
-0.005505
-0.005396
-0.005284
-0.005168
-0.005050
-0.004928
-0.004803
-0.004674
-0.004541
-0.004405
-0.004265
-0.004121
-0.003974
-0.003821
-0.003665
-0.003504
-0.003339
-0.003169
-0.002994
-0.002814
-0.002630
-0.002440
-0.002244
-0.002044
-0.001837
-0.001625
-0.001406
-0.001182
-0.000951
-0.000713
-0.000469
-0.000218
0.000040
0.000306
0.000579
0.000859
0.001148
0.001445
0.001751
0.002065
0.002388
0.002720
0.003062
0.003414
0.003775
0.004147
0.004530
0.004924
0.005328
0.005745
0.006173
0.006614
0.007067
0.007534
0.008014
0.008508
0.009016
0.009538
0.010076
0.010629
0.011199
0.011785
0.012388
0.013008
0.013647
0.014304
0.014981
0.015677
0.016393
0.017131
0.017890
0.018672
0.019476
0.020304
0.021157
0.022035
0.022939
0.023870
0.024828
0.025815
0.026831
0.027878
0.028956
0.030066
0.031210
0.032388
0.033601
0.034851
0.036139
0.037466
0.038834
0.040243
0.041695
0.043191
0.044734
0.046324
0.047962
0.049652
0.051394
0.053189
0.055041
0.056950
0.058920
0.060951
0.063046
0.065207
0.067436
0.069736
0.072109
0.074558
0.077086
0.079695
0.082388
0.085167
0.088037
0.091001
0.094061
0.097222
0.100486
0.103858
0.107342
0.110942
0.114662
0.118506
0.122479
0.126587
0.130834
0.135225
0.139766
0.144463
0.149321
0.154347
0.159548
0.164930
0.170500
0.176266
0.182235
0.188416
0.194817
0.201446
0.208314
0.215429
0.222802
0.230443
0.238363
0.246575
0.255088
0.263918
0.273075
0.282575
0.292431
0.302659
0.313275
0.324294
0.335735
0.347615
0.359952
0.372768
0.386082
0.399916
0.414293
0.429237
0.444772
0.460924
0.477720
0.495190
0.513363
0.532269
0.551941
0.572415
0.593724
0.615907
0.639003
0.663051
0.688096
0.714181
0.741353
0.769661
0.799155
0.829888
0.861917
0.895297
0.930090
0.966358
1.004167
1.043585
1.084682
1.127532
1.172213
1.218802
1.267385
1.318045
1.370873
1.425961
1.483404
1.543302
1.605757
1.670875
1.738765
1.809540
1.883317
1.960215
2.040358
2.123873
2.210890
2.301542
2.395968
2.494308
2.596705
2.703308
2.814267
2.929736
3.049873
3.174839
3.304799
3.439919
3.580371
3.726331
3.877977
4.035493
4.199066
4.368888
4.545158
4.728078
4.917858
5.114715
5.318875
5.530571
5.750049
5.977565
6.213388
6.457804
6.711115
6.973643
7.245731
7.527750
7.820098
8.123205
8.437539
8.763608
9.101970
9.453233
9.818067
10.197206
10.591463
11.001730
11.428994
11.874344
12.338977
12.824204
13.331457
13.862281
14.418314
15.001253
15.612772
16.254392
16.927232
17.631616
18.366399
19.127887
19.908164
20.692625
21.456801
22.163227
22.760696
23.189919
23.398599
23.361571
23.092579
22.637610
22.055661
21.401185
20.715718
20.027170
19.352565
18.701351
18.078093
17.484378
16.920053
16.383998
15.874597
15.390017
14.928373
14.487820
14.066598
13.663059
13.275675
12.903033
12.543838
12.196895
11.861110
11.535475
11.219064
10.911020
10.610551
10.316924
10.029456
9.747511
9.470493
9.197842
8.929033
8.663567
8.400972
8.140800
7.882620
7.626021
7.370606
7.115991
6.861802
6.607678
6.353261
6.098201
5.842152
5.584769
5.325709
5.064629
4.801180
4.535013
4.265769
3.993084
3.716582
3.435874
3.150558
2.860213
2.564398
2.262649
1.954472
1.639342
1.316697
0.985931
0.646390
0.297361
-0.061937
-0.432360
-0.814859
-1.210490
-1.620436
-2.046032
-2.488793
-2.950451
-3.433001
-3.938765
-4.470465
-5.031326
-5.625215
-6.256823
-6.931926
-7.657749
-8.443502
-9.301182
-10.246836
-11.302603
-12.500248
-13.887657
-15.541877
-17.598603
-20.331339
-24.433433
-32.873289
-35.716927
-24.660203
-19.499273
-15.717296
-12.235549
-8.174913
-1.324882
10.710278
-4.844666
-8.994140
-10.229847
-10.214245
-9.714733
-9.047375
-8.330178
-7.603558
-6.877166
-6.147082
-5.401659
-4.622481
-3.782282
-2.839297
-1.724731
-0.312494
1.674323
5.291962
43.407589
10.315209
-0.303440
-7.603432
-14.428270
-18.842312
-17.116206
-14.737695
-13.122778
-12.047535
-11.307127
-10.738698
-10.102781
-8.845462
-5.829229
0.467374
16.467716
8.996070
3.598615
1.412765
0.257930
-0.426130
-0.857258
-1.137901
-1.321794
-1.438849
-1.505818
-1.531145
