-0.003856
-0.003624
-0.003387
-0.003142
-0.002891
-0.002633
-0.002368
-0.002095
-0.001815
-0.001527
-0.001231
-0.000927
-0.000614
-0.000292
0.000038
0.000377
0.000726
0.001085
0.001454
0.001833
0.002222
0.002623
0.003034
0.003457
0.003892
0.004339
0.004798
0.005270
0.005755
0.006254
0.006767
0.007294
0.007835
0.008392
0.008964
0.009552
0.010156
0.010778
0.011416
0.012073
0.012747
0.013441
0.014154
0.014886
0.015639
0.016413
0.017209
0.018027
0.018867
0.019731
0.020619
0.021532
0.022471
0.023435
0.024427
0.025446
0.026493
0.027570
0.028677
0.029814
0.030984
0.032186
0.033421
0.034691
0.035997
0.037339
0.038719
0.040137
0.041594
0.043093
0.044633
0.046216
0.047844
0.049517
0.051237
0.053005
0.054823
0.056691
0.058612
0.060586
0.062616
0.064703
0.066848
0.069053
0.071320
0.073650
0.076046
0.078509
0.081041
0.083644
0.086320
0.089071
0.091900
0.094808
0.097798
0.100871
0.104032
0.107281
0.110621
0.114056
0.117587
0.121217
0.124950
0.128788
0.132735
0.136792
0.140964
0.145254
0.149665
0.154201
0.158865
0.163661
0.168592
0.173663
0.178878
0.184241
0.189755
0.195426
0.201258
0.207256
0.213424
0.219767
0.226291
0.233001
0.239902
0.247000
0.254300
0.261808
0.269531
0.277475
0.285647
0.294052
0.302698
0.311592
0.320742
0.330155
0.339838
0.349800
0.360050
0.370594
0.381444
0.392607
0.404093
0.415912
0.428074
0.440589
0.453467
0.466721
0.480361
0.494398
0.508846
0.523717
0.539024
0.554779
0.570998
0.587693
0.604881
0.622576
0.640795
0.659553
0.678867
0.698755
0.719236
0.740327
0.762049
0.784421
0.807463
0.831199
0.855649
0.880837
0.906787
0.933524
0.961073
0.989461
1.018715
1.048864
1.079938
1.111968
1.144984
1.179021
1.214113
1.250295
1.287604
1.326079
1.365760
1.406688
1.448905
1.492457
1.537390
1.583752
1.631593
1.680965
1.731923
1.784522
1.838820
1.894879
1.952760
2.012531
2.074258
2.138011
2.203865
2.271895
2.342180
2.414802
2.489845
2.567396
2.647547
2.730390
2.816023
2.904545
2.996058
3.090666
3.188477
3.289601
3.394147
3.502229
3.613959
3.729450
3.848813
3.972157
4.099586
4.231199
4.367086
4.507327
4.651987
4.801112
4.954726
5.112821
5.275356
5.442243
5.613342
5.788446
5.967271
6.149439
6.334462
6.521724
6.710461
6.899743
7.088446
7.275245
7.458591
7.636709
7.807598
7.969054
8.118704
8.254069
8.372649
8.472034
8.550034
8.604820
8.635068
8.640082
8.619889
8.575285
8.507840
8.419842
8.314214
8.194397
8.064222
7.927793
7.789382
7.653354
7.524113
7.406084
7.303722
7.221542
7.164179
7.136461
7.143512
7.190871
7.284641
7.431662
7.639702
7.917672
8.275788
8.725585
9.279413
9.948596
10.738058
11.632334
12.562762
13.348042
13.658631
13.183784
11.960490
10.327625
8.592159
6.910627
5.338672
3.886481
2.547367
1.309686
0.161335
-0.908716
-1.910047
-2.850812
-3.737905
-4.577140
-5.373416
-6.130859
-6.852933
-7.542530
-8.202042
-8.833409
-9.438169
-10.017485
-10.572171
-11.102714
-11.609290
-12.091782
-12.549798
-12.982688
-13.389576
-13.769392
-14.120907
-14.442793
-14.733674
-14.992191
-15.217077
-15.407216
-15.561712
-15.679933
-15.761550
-15.806542
-15.815194
-15.788057
-15.725902
-15.629654
-15.500310
-15.338863
-15.146221
-14.923120
-14.670055
-14.387204
-14.074357
-13.730841
-13.355450
-12.946354
-12.501009
-12.016057
-11.487224
-10.909248
-10.275916
-9.580369
-8.816084
-7.979446
-7.075903
-6.133656
-5.230298
-4.528799
-4.274737
-4.661605
-5.640393
-6.955449
-8.343215
-9.624902
-10.691923
-11.477371
-11.944647
-12.086629
-11.922640
-11.487907
-10.819472
-9.944738
-8.874971
-7.602349
-6.098623
-4.316766
-2.211051
0.146420
2.107209
2.149655
0.282697
-1.936220
-3.815468
-5.242241
-6.225372
-6.785205
-6.941915
-6.719135
-6.143512
-5.237991
-4.011710
-2.448354
-0.490387
1.990510
5.260526
9.847684
15.298413
12.836267
8.350336
5.421633
3.469372
2.136837
1.250649
0.727849
0.537540
0.687486
1.223754
2.237472
3.851814
5.956401
6.664041
3.539763
-0.619332
-4.262171
-7.363932
-10.068025
-12.485401
-14.691147
-16.736372
-18.656847
-20.478275
-22.219458
-23.894187
-25.512361
-27.080588
-28.602448
-30.078499
-31.506124
-32.879337
-34.188700
-35.421629
-36.563356
-37.598786
-38.515139
-39.304819
-39.967523
-40.510731
-40.948346
-41.298126
-41.578894
-41.808353
-42.001798
-42.171659
-42.327579
-42.476779
-42.624511
-42.774502
-42.929327
-43.090720
-43.259800
-43.437257
-43.623472
-43.818620
-44.022735
-44.235759
-44.457579
-44.688052
-44.927020
-45.174327
-45.429822
-45.693373
-45.964861
-46.244192
-46.531295
-46.826122
-47.128651
-47.438886
-47.756859
-48.082627
-48.416276
-48.757920
-49.107704
-49.465800
-49.832415
-50.207786
-50.592187
-50.985927
-51.389357
-51.802869
-52.226900
-52.661939
-53.108529
-53.567273
-54.038842
-54.523981
-55.023519
-55.538380
-56.069595
-56.618319
-57.185846
-57.773634
-58.383331
-59.016806
-59.676192
-60.363937
-61.082864
-61.836255
-62.627958
-63.462521
-64.345378
-65.283100
-66.283744
-67.357346
-68.516652
-69.778218
-71.164158
-72.705035
-74.444966
-76.451364
-78.835541
-81.803146
-85.808666
-92.270677
-123.622951
-94.085275
-88.679076
-85.947526
-84.369719
-83.500942
-83.176783
