-0.018432
-0.018535
-0.018641
-0.018750
-0.018861
-0.018976
-0.019094
-0.019216
-0.019340
-0.019468
-0.019600
-0.019736
-0.019875
-0.020018
-0.020165
-0.020316
-0.020471
-0.020631
-0.020795
-0.020964
-0.021138
-0.021316
-0.021499
-0.021688
-0.021881
-0.022081
-0.022285
-0.022496
-0.022712
-0.022934
-0.023163
-0.023398
-0.023639
-0.023887
-0.024143
-0.024405
-0.024675
-0.024952
-0.025237
-0.025530
-0.025831
-0.026140
-0.026459
-0.026786
-0.027122
-0.027468
-0.027824
-0.028189
-0.028565
-0.028951
-0.029348
-0.029757
-0.030176
-0.030608
-0.031051
-0.031508
-0.031977
-0.032459
-0.032955
-0.033464
-0.033988
-0.034527
-0.035081
-0.035651
-0.036237
-0.036839
-0.037458
-0.038095
-0.038750
-0.039423
-0.040115
-0.040827
-0.041559
-0.042312
-0.043086
-0.043882
-0.044700
-0.045542
-0.046408
-0.047298
-0.048214
-0.049156
-0.050124
-0.051120
-0.052145
-0.053199
-0.054282
-0.055397
-0.056544
-0.057723
-0.058936
-0.060184
-0.061468
-0.062788
-0.064147
-0.065544
-0.066982
-0.068461
-0.069983
-0.071548
-0.073159
-0.074816
-0.076521
-0.078276
-0.080081
-0.081939
-0.083851
-0.085818
-0.087843
-0.089927
-0.092071
-0.094278
-0.096550
-0.098888
-0.101295
-0.103772
-0.106322
-0.108948
-0.111651
-0.114433
-0.117298
-0.120247
-0.123284
-0.126412
-0.129632
-0.132948
-0.136363
-0.139881
-0.143503
-0.147234
-0.151077
-0.155036
-0.159115
-0.163316
-0.167644
-0.172104
-0.176699
-0.181434
-0.186314
-0.191342
-0.196524
-0.201866
-0.207371
-0.213046
-0.218896
-0.224927
-0.231146
-0.237557
-0.244168
-0.250985
-0.258015
-0.265265
-0.272744
-0.280458
-0.288415
-0.296624
-0.305093
-0.313831
-0.322848
-0.332153
-0.341755
-0.351665
-0.361895
-0.372453
-0.383353
-0.394606
-0.406225
-0.418221
-0.430608
-0.443400
-0.456612
-0.470257
-0.484351
-0.498910
-0.513951
-0.529489
-0.545543
-0.562131
-0.579272
-0.596985
-0.615291
-0.634210
-0.653764
-0.673976
-0.694869
-0.716466
-0.738793
-0.761874
-0.785738
-0.810410
-0.835920
-0.862296
-0.889568
-0.917768
-0.946927
-0.977079
-1.008258
-1.040497
-1.073834
-1.108306
-1.143949
-1.180805
-1.218911
-1.258310
-1.299043
-1.341154
-1.384687
-1.429686
-1.476198
-1.524270
-1.573948
-1.625283
-1.678324
-1.733121
-1.789724
-1.848186
-1.908560
-1.970897
-2.035252
-2.101678
-2.170229
-2.240960
-2.313926
-2.389182
-2.466781
-2.546779
-2.629230
-2.714188
-2.801707
-2.891840
-2.984639
-3.080157
-3.178443
-3.279549
-3.383524
-3.490413
-3.600266
-3.713126
-3.829037
-3.948042
-4.070181
-4.195494
-4.324018
-4.455788
-4.590839
-4.729202
-4.870910
-5.015989
-5.164468
-5.316371
-5.471723
-5.630546
-5.792861
-5.958686
-6.128041
-6.300942
-6.477405
-6.657445
-6.841077
-7.028315
-7.219171
-7.413659
-7.611793
-7.813585
-8.019051
-8.228203
-8.441059
-8.657634
-8.877946
-9.102015
-9.329862
-9.561511
-9.796988
-10.036320
-10.279539
-10.526681
-10.777782
-11.032885
-11.292034
-11.555281
-11.822680
-12.094289
-12.370174
-12.650404
-12.935055
-13.224208
-13.517950
-13.816375
-14.119584
-14.427684
-14.740788
-15.059017
-15.382499
-15.711367
-16.045762
-16.385830
-16.731721
-17.083590
-17.441596
-17.805896
-18.176646
-18.553996
-18.938087
-19.329045
-19.726972
-20.131937
-20.543965
-20.963023
-21.388998
-21.821674
-22.260702
-22.705562
-23.155519
-23.609567
-24.066364
-24.524158
-24.980704
-25.433177
-25.878096
-26.311256
-26.727709
-27.121807
-27.487332
-27.817754
-28.106609
-28.347991
-28.537093
-28.670723
-28.747662
-28.768809
-28.737059
-28.656946
-28.534138
-28.374894
-28.185553
-27.972147
-27.740131
-27.494228
-27.238379
-26.975748
-26.708772
-26.439223
-26.168278
-25.896577
-25.624265
-25.351025
-25.076083
-24.798185
-24.515563
-24.225849
-23.925970
-23.611978
-23.278833
-22.920103
-22.527572
-22.090711
-21.596003
-21.026036
-20.358309
-19.563573
-18.603350
-17.425820
-15.958005
-14.088844
-11.627139
-8.175470
-2.602589
11.194565
0.698543
-5.469491
-8.722244
-10.816308
-12.285113
-13.364049
-14.178820
-14.804708
-15.290298
-15.668583
-15.962779
-16.189644
-16.361482
-16.487413
-16.574210
-16.626853
-16.648908
-16.642773
-16.609823
-16.550492
-16.464263
-16.349601
-16.203785
-16.022624
-15.799998
-15.527132
-15.191437
-14.774606
-14.249377
-13.573744
-12.679843
-11.450585
-9.663443
-6.825470
-1.536421
4.593707
-5.068642
-10.538009
-13.874320
-16.024986
-17.393348
-18.231142
-18.717922
-18.978910
-19.096804
-19.123982
-19.092817
-19.023029
-18.926454
-18.809987
-18.677360
-18.530190
-18.368584
-18.191475
-17.996759
-17.781324
-17.540968
-17.270240
-16.962192
-16.608067
-16.196888
-15.714982
-15.145404
-14.467281
-13.654988
-12.677015
-11.494095
-10.055703
-8.293017
-6.104579
-3.328288
0.293799
4.852248
7.132404
4.122470
1.124765
-0.918540
-2.288735
-3.200815
-3.782918
-4.113111
-4.241506
-4.202920
-4.025556
-3.739196
-3.385521
-3.031983
-2.785570
-2.789470
-3.175899
-3.986968
-5.145836
-6.516549
-7.977869
-9.451526
-10.896550
-12.295533
-13.643873
-14.943299
-16.198363
-17.414641
-18.597851
-19.753424
-20.886298
-22.000814
-23.100647
-24.188719
-25.267084
-26.336761
-27.397492
-28.447434
-29.482792
-30.497415
-31.482493
-32.426486
-33.315567
-34.134831
-34.870383
-35.512074
-36.056153
-36.506884
-36.876469
-37.183364
-37.449789
-37.699406
-37.955806
-38.242043
-38.581101
-38.997197
-39.517942
-40.177726
-41.023316
-42.124075
-43.593069
-45.638078
-48.716858
-54.253446
-84.690828
-54.263969
-48.018314
-44.532865
-42.335625
-41.039978
-40.536522
