0.007609
0.008268
0.008945
0.009641
0.010356
0.011092
0.011847
0.012624
0.013422
0.014242
0.015086
0.015952
0.016843
0.017759
0.018700
0.019667
0.020661
0.021683
0.022733
0.023813
0.024922
0.026062
0.027234
0.028439
0.029677
0.030950
0.032258
0.033602
0.034984
0.036404
0.037864
0.039364
0.040906
0.042491
0.044120
0.045795
0.047516
0.049284
0.051103
0.052971
0.054892
0.056866
0.058896
0.060981
0.063125
0.065328
0.067593
0.069921
0.072313
0.074773
0.077300
0.079898
0.082569
0.085314
0.088135
0.091035
0.094015
0.097079
0.100228
0.103464
0.106791
0.110211
0.113726
0.117338
0.121052
0.124868
0.128792
0.132824
0.136969
0.141229
0.145609
0.150110
0.154736
0.159492
0.164380
0.169405
0.174570
0.179878
0.185335
0.190944
0.196709
0.202635
0.208726
0.214987
0.221423
0.228038
0.234838
0.241828
0.249012
0.256397
0.263988
0.271790
0.279811
0.288055
0.296529
0.305239
0.314192
0.323395
0.332855
0.342579
0.352573
0.362847
0.373407
0.384261
0.395418
0.406886
0.418673
0.430789
0.443243
0.456044
0.469200
0.482724
0.496623
0.510909
0.525593
0.540685
0.556196
0.572138
0.588522
0.605361
0.622667
0.640453
0.658731
0.677514
0.696817
0.716652
0.737035
0.757979
0.779500
0.801612
0.824330
0.847671
0.871650
0.896283
0.921587
0.947579
0.974276
1.001694
1.029851
1.058764
1.088453
1.118933
1.150222
1.182340
1.215303
1.249130
1.283837
1.319442
1.355963
1.393415
1.431815
1.471177
1.511517
1.552847
1.595181
1.638529
1.682900
1.728302
1.774739
1.822216
1.870731
1.920282
1.970861
2.022458
2.075055
2.128632
2.183162
2.238609
2.294932
2.352080
2.409993
2.468599
2.527817
2.587550
2.647686
2.708100
2.768645
2.829157
2.889451
2.949318
3.008523
3.066804
3.123873
3.179406
3.233052
3.284423
3.333096
3.378614
3.420483
3.458177
3.491134
3.518763
3.540444
3.555539
3.563392
3.563340
3.554723
3.536890
3.509216
3.471111
3.422033
3.361502
3.289107
3.204523
3.107515
2.997948
2.875789
2.741106
2.594073
2.434960
2.264127
2.082016
1.889141
1.686075
1.473436
1.251879
1.022078
0.784722
0.540499
0.290088
0.034154
-0.226659
-0.491733
-0.760482
-1.032350
-1.306815
-1.583388
-1.861614
-2.141073
-2.421372
-2.702152
-2.983080
-3.263850
-3.544179
-3.823807
-4.102493
-4.380015
-4.656164
-4.930748
-5.203584
-5.474500
-5.743333
-6.009925
-6.274126
-6.535786
-6.794760
-7.050903
-7.304068
-7.554110
-7.800878
-8.044217
-8.283970
-8.519969
-8.752042
-8.980007
-9.203672
-9.422834
-9.637277
-9.846771
-10.051073
-10.249920
-10.443031
-10.630107
-10.810825
-10.984837
-11.151769
-11.311216
-11.462744
-11.605878
-11.740107
-11.864873
-11.979570
-12.083537
-12.176047
-12.256307
-12.323442
-12.376484
-12.414361
-12.435882
-12.439712
-12.424355
-12.388118
-12.329082
-12.245055
-12.133514
-11.991543
-11.815736
-11.602087
-11.345845
-11.041313
-10.681600
-10.258272
-9.760903
-9.176466
-8.488575
-7.676612
-6.715148
-5.575116
-4.232146
-2.700464
-1.145005
-0.113258
-0.407078
-1.988808
-4.044584
-6.054121
-7.865879
-9.468525
-10.885884
-12.145654
-13.271851
-14.283840
-15.196985
-16.023518
-16.773313
-17.454471
-18.073772
-18.636998
-19.149175
-19.614741
-20.037671
-20.421568
-20.769722
-21.085158
-21.370665
-21.628817
-21.861995
-22.072394
-22.262039
-22.432792
-22.586362
-22.724313
-22.848076
-22.958952
-23.058127
-23.146674
-23.225569
-23.295691
-23.357836
-23.412718
-23.460982
-23.503207
-23.539911
-23.571557
-23.598559
-23.621284
-23.640059
-23.655169
-23.666866
-23.675369
-23.680863
-23.683507
-23.683429
-23.680731
-23.675489
-23.667751
-23.657539
-23.644847
-23.629637
-23.611842
-23.591358
-23.568042
-23.541708
-23.512113
-23.478957
-23.441863
-23.400365
-23.353887
-23.301713
-23.242952
-23.176487
-23.100907
-23.014412
-22.914675
-22.798652
-22.662285
-22.500073
-22.304383
-22.064347
-21.764022
-21.379140
-20.871132
-20.175380
-19.176602
-17.655069
-15.195351
-11.853109
-14.259619
-20.188378
-24.141252
-26.223768
-27.097727
-27.373523
-27.405285
-27.354015
-27.286524
-27.229874
-27.195040
-27.186652
-27.207041
-27.257976
-27.341431
-27.459970
-27.616937
-27.816594
-28.064206
-28.366100
-28.729694
-29.163464
-29.676818
-30.279853
-30.982901
-31.795769
-32.726454
-33.778939
-34.949326
-36.219260
-37.545885
-38.850939
-40.021387
-40.944565
-41.579153
-42.002542
-42.383074
-42.926248
-43.872675
-45.596683
-49.005690
-58.847204
-53.409154
-43.744050
-38.275988
-34.202469
-30.875130
-28.078981
-25.763200
-23.946567
-22.645493
-21.819369
-21.366790
-21.165869
-21.112759
-21.134877
-21.186752
-21.241202
-21.281795
-21.297687
-21.280292
-21.221081
-21.110072
-20.935074
-20.682979
-20.347817
-19.958972
-19.651380
-19.730700
-20.443635
-21.532505
-22.515197
-23.193185
-23.605837
-23.844988
-23.981657
-24.059568
-24.103804
-24.128546
-24.141869
-24.148443
-24.151015
-24.151230
-24.150080
-24.148175
-24.145887
-24.143443
-24.140984
-24.138589
-24.136306
-24.134159
-24.132156
-24.130301
-24.128588
-24.127011
-24.125561
-24.124230
-24.123007
-24.121885
-24.120855
-24.119908
-24.119039
-24.118240
-24.117505
-24.116829
-24.116207
-24.115636
-24.115110
-24.114627
-24.114184
-24.113778
-24.113406
-24.113068
-24.112760
-24.112481
-24.112231
-24.112008
-24.111812
-24.111641
-24.111495
-24.111375
-24.111280
-24.111210
-24.111166
-24.111148
