-6.040181
-6.040413
-6.040651
-6.040896
-6.041148
-6.041406
-6.041672
-6.041946
-6.042227
-6.042516
-6.042812
-6.043118
-6.043431
-6.043753
-6.044085
-6.044425
-6.044775
-6.045135
-6.045505
-6.045885
-6.046275
-6.046677
-6.047089
-6.047513
-6.047949
-6.048397
-6.048858
-6.049331
-6.049818
-6.050318
-6.050832
-6.051360
-6.051904
-6.052462
-6.053036
-6.053625
-6.054231
-6.054855
-6.055495
-6.056153
-6.056830
-6.057525
-6.058240
-6.058975
-6.059730
-6.060507
-6.061305
-6.062125
-6.062968
-6.063835
-6.064726
-6.065641
-6.066583
-6.067550
-6.068545
-6.069567
-6.070618
-6.071698
-6.072808
-6.073949
-6.075123
-6.076329
-6.077568
-6.078843
-6.080153
-6.081499
-6.082883
-6.084306
-6.085769
-6.087272
-6.088818
-6.090407
-6.092040
-6.093720
-6.095446
-6.097220
-6.099044
-6.100920
-6.102847
-6.104829
-6.106867
-6.108961
-6.111115
-6.113328
-6.115604
-6.117944
-6.120350
-6.122823
-6.125365
-6.127979
-6.130667
-6.133430
-6.136271
-6.139191
-6.142194
-6.145282
-6.148457
-6.151721
-6.155077
-6.158527
-6.162076
-6.165724
-6.169475
-6.173333
-6.177299
-6.181378
-6.185572
-6.189884
-6.194319
-6.198880
-6.203570
-6.208393
-6.213353
-6.218454
-6.223700
-6.229095
-6.234644
-6.240350
-6.246220
-6.252256
-6.258465
-6.264852
-6.271421
-6.278178
-6.285128
-6.292278
-6.299632
-6.307198
-6.314981
-6.322988
-6.331226
-6.339701
-6.348420
-6.357391
-6.366621
-6.376119
-6.385892
-6.395948
-6.406296
-6.416946
-6.427905
-6.439184
-6.450792
-6.462740
-6.475037
-6.487695
-6.500725
-6.514138
-6.527946
-6.542162
-6.556797
-6.571867
-6.587383
-6.603361
-6.619814
-6.636758
-6.654209
-6.672183
-6.690697
-6.709767
-6.729413
-6.749653
-6.770507
-6.791994
-6.814136
-6.836954
-6.860471
-6.884710
-6.909697
-6.935455
-6.962011
-6.989394
-7.017630
-7.046751
-7.076786
-7.107768
-7.139731
-7.172709
-7.206738
-7.241857
-7.278106
-7.315525
-7.354158
-7.394050
-7.435249
-7.477803
-7.521765
-7.567189
-7.614132
-7.662652
-7.712814
-7.764682
-7.818325
-7.873816
-7.931232
-7.990653
-8.052163
-8.115852
-8.181814
-8.250149
-8.320962
-8.394366
-8.470478
-8.549423
-8.631335
-8.716356
-8.804635
-8.896334
-8.991624
-9.090688
-9.193721
-9.300934
-9.412550
-9.528813
-9.649983
-9.776340
-9.908187
-10.045853
-10.189695
-10.340100
-10.497490
-10.662326
-10.835113
-11.016406
-11.206817
-11.407021
-11.617766
-11.839886
-12.074312
-12.322089
-12.584391
-12.862553
-13.158090
-13.472738
-13.808497
-14.167684
-14.553011
-14.967670
-15.415458
-15.900937
-16.429651
-17.008425
-17.645789
-18.352575
-19.142809
-20.035054
-21.054481
-22.236173
-23.630395
-25.310556
-27.381074
-29.951601
-32.822122
-34.092524
-31.903426
-28.788637
-26.099704
-23.890826
-22.044990
-20.465273
-19.084572
-17.856821
-16.749667
-15.739747
-14.809736
-13.946470
-13.139742
-12.381484
-11.665220
-10.985677
-10.338509
-9.720091
-9.127374
-8.557768
-8.009058
-7.479335
-6.966944
-6.470443
-5.988567
-5.520204
-5.064372
-4.620200
-4.186915
-3.763826
-3.350320
-2.945845
-2.549911
-2.162078
-1.781952
-1.409183
-1.043458
-0.684501
-0.332066
0.014061
0.354067
0.688113
1.016332
1.338836
1.655715
1.967032
2.272834
2.573142
2.867958
3.157264
3.441019
3.719161
3.991607
4.258250
4.518964
4.773596
5.021968
5.263880
5.499101
5.727374
5.948412
6.161892
6.367462
6.564728
6.753257
6.932574
7.102152
7.261412
7.409716
7.546359
7.670561
7.781455
7.878079
7.959355
8.024076
8.070877
8.098214
8.104320
8.087164
8.044394
7.973259
7.870510
7.732274
7.553876
7.329597
7.052342
6.713152
6.300501
5.799202
5.188701
4.440206
3.511640
2.337992
0.810979
-1.270369
-4.347786
-9.737050
-21.140883
-9.043861
-2.857721
0.989608
3.826830
6.096363
7.997345
9.635364
11.072332
12.347053
13.485039
14.503731
15.415552
16.229804
16.953924
17.594313
18.156891
18.647414
19.071647
19.435392
19.744448
20.004520
20.221112
20.399429
20.544302
20.660134
20.750879
20.820036
20.870670
20.905436
20.926616
20.936158
20.935713
20.926675
20.910215
20.887312
20.858780
20.825296
20.787415
20.745593
20.700195
20.651508
20.599746
20.545051
20.487487
20.427025
20.363522
20.296672
20.225942
20.150459
20.068837
19.978904
19.877263
19.758595
19.614537
19.431888
19.189789
18.855430
18.378030
17.681614
16.658933
15.170247
13.045664
10.071988
5.942738
0.620807
-1.002052
2.459039
5.141620
6.852132
7.964587
8.700668
9.185646
9.493957
9.672081
9.750188
9.748404
9.680364
9.555314
9.379410
9.156527
8.888792
8.576919
8.220434
7.817815
7.366584
6.863356
6.303856
5.682913
4.994423
4.231266
3.385169
2.446482
1.403835
0.243645
-1.050515
-2.498569
-4.123999
-5.951231
-7.993263
-10.207232
-12.365878
-13.868382
-14.067908
-13.207834
-12.024699
-10.932012
-10.049749
-9.389885
-8.937971
-8.678393
-8.600848
-8.701179
-8.980512
-9.443836
-10.098421
-10.952287
-12.012966
-13.286559
-14.776535
-16.480426
-18.379639
-20.411959
-22.412408
-24.047902
-24.926117
-24.978702
-24.540246
-23.968708
-23.453803
-23.062746
-22.808074
-22.683006
-22.675778
-22.774840
-22.970520
-23.255392
-23.624231
-24.073859
-24.603026
-25.212368
-25.904466
-26.684050
-27.558362
-28.537799
-29.636933
-30.876194
-32.284720
-33.905417
-35.804674
-38.092936
-40.975127
-44.905134
-51.301043
-82.596242
-53.010226
-47.564229
-44.801316
-43.200569
-42.317356
-41.987450
