-0.060209
-0.061467
-0.062761
-0.064093
-0.065464
-0.066874
-0.068326
-0.069820
-0.071358
-0.072940
-0.074569
-0.076245
-0.077971
-0.079747
-0.081576
-0.083458
-0.085396
-0.087391
-0.089446
-0.091561
-0.093738
-0.095981
-0.098290
-0.100668
-0.103117
-0.105640
-0.108238
-0.110913
-0.113670
-0.116509
-0.119434
-0.122447
-0.125551
-0.128750
-0.132046
-0.135442
-0.138942
-0.142549
-0.146267
-0.150098
-0.154047
-0.158119
-0.162316
-0.166642
-0.171104
-0.175704
-0.180447
-0.185338
-0.190383
-0.195586
-0.200952
-0.206488
-0.212199
-0.218091
-0.224169
-0.230442
-0.236914
-0.243594
-0.250487
-0.257603
-0.264947
-0.272529
-0.280356
-0.288438
-0.296782
-0.305399
-0.314297
-0.323487
-0.332979
-0.342784
-0.352912
-0.363375
-0.374186
-0.385356
-0.396898
-0.408826
-0.421153
-0.433893
-0.447061
-0.460673
-0.474744
-0.489291
-0.504331
-0.519880
-0.535959
-0.552584
-0.569777
-0.587556
-0.605943
-0.624959
-0.644627
-0.664970
-0.686011
-0.707775
-0.730286
-0.753572
-0.777659
-0.802575
-0.828348
-0.855007
-0.882583
-0.911106
-0.940609
-0.971124
-1.002685
-1.035325
-1.069081
-1.103987
-1.140081
-1.177400
-1.215983
-1.255868
-1.297095
-1.339705
-1.383738
-1.429236
-1.476242
-1.524797
-1.574944
-1.626728
-1.680191
-1.735377
-1.792331
-1.851097
-1.911717
-1.974238
-2.038701
-2.105151
-2.173630
-2.244182
-2.316846
-2.391665
-2.468679
-2.547927
-2.629447
-2.713276
-2.799449
-2.888001
-2.978963
-3.072368
-3.168244
-3.266618
-3.367516
-3.470961
-3.576975
-3.685575
-3.796780
-3.910603
-4.027057
-4.146151
-4.267893
-4.392288
-4.519338
-4.649044
-4.781403
-4.916411
-5.054060
-5.194342
-5.337245
-5.482756
-5.630860
-5.781538
-5.934771
-6.090539
-6.248818
-6.409585
-6.572812
-6.738474
-6.906542
-7.076987
-7.249778
-7.424884
-7.602273
-7.781914
-7.963773
-8.147817
-8.334013
-8.522328
-8.712728
-8.905181
-9.099653
-9.296112
-9.494526
-9.694864
-9.897094
-10.101188
-10.307116
-10.514849
-10.724362
-10.935626
-11.148619
-11.363315
-11.579694
-11.797733
-12.017414
-12.238718
-12.461628
-12.686131
-12.912213
-13.139861
-13.369068
-13.599824
-13.832125
-14.065965
-14.301344
-14.538261
-14.776720
-15.016724
-15.258281
-15.501400
-15.746094
-15.992378
-16.240268
-16.489785
-16.740954
-16.993799
-17.248352
-17.504646
-17.762718
-18.022609
-18.284364
-18.548033
-18.813671
-19.081336
-19.351094
-19.623015
-19.897175
-20.173658
-20.452553
-20.733960
-21.017983
-21.304740
-21.594354
-21.886962
-22.182712
-22.481765
-22.784295
-23.090492
-23.400564
-23.714738
-24.033262
-24.356407
-24.684469
-25.017777
-25.356690
-25.701605
-26.052961
-26.411245
-26.776998
-27.150824
-27.533395
-27.925470
-28.327899
-28.741645
-29.167800
-29.607607
-30.062490
-30.534088
-31.024295
-31.535317
-32.069735
-32.630588
-33.221484
-33.846737
-34.511539
-35.222189
-35.986377
-36.813541
-37.715261
-38.705613
-39.801154
-41.019563
-42.374052
-43.855301
-45.380499
-46.684182
-47.253015
-46.706858
-45.316983
-43.618789
-41.926409
-40.346156
-38.894216
-37.557642
-36.316682
-35.151849
-34.045706
-32.982951
-31.949989
-30.934386
-29.924311
-28.907972
-27.873006
-26.805764
-25.690369
-24.507408
-23.231921
-21.830156
-20.253950
-18.430318
-16.240769
-13.478166
-9.773534
-4.981230
-4.481480
-9.108315
-12.773184
-15.446246
-17.512383
-19.189485
-20.600463
-21.819556
-22.894511
-23.857638
-24.731707
-25.533289
-26.274749
-26.965505
-27.612829
-28.222388
-28.798615
-29.344963
-29.864082
-30.357944
-30.827928
-31.274878
-31.699136
-32.100566
-32.478557
-32.832035
-33.159455
-33.458813
-33.727659
-33.963130
-34.162005
-34.320788
-34.435822
-34.503427
-34.520066
-34.482506
-34.387967
-34.234230
-34.019686
-33.743310
-33.404550
-33.003148
-32.538895
-32.011342
-31.419471
-30.761323
-30.033590
-29.231100
-28.346154
-27.367597
-26.279404
-25.058419
-23.670518
-22.063644
-20.154190
-17.797749
-14.719515
-10.350971
-4.441839
-6.465539
-11.689261
-15.141987
-17.560232
-19.366627
-20.762045
-21.844298
-22.652588
-23.180766
-23.374476
-23.117482
-22.210515
-20.336822
-16.932663
-10.394469
0.529542
-11.374019
-15.929660
-18.348559
-19.798722
-20.685596
-21.188189
-21.390907
-21.327561
-20.996389
-20.360265
-19.331832
-17.727706
-15.122923
-10.195709
5.510480
-11.014921
-18.011093
-22.445881
-25.855170
-28.721851
-31.260680
-33.582202
-35.740447
-37.743217
-39.543697
-41.026796
-42.023933
-42.399566
-42.161803
-41.455589
-40.448542
-39.251185
-37.906889
-36.406283
-34.694995
-32.662556
-30.093498
-26.499148
-20.293397
-1.817522
-21.430610
-27.301549
-30.870840
-33.477481
-35.555823
-37.301588
-38.819571
-40.172318
-41.400078
-42.530229
-43.582213
-44.570316
-45.505333
-46.395617
-47.247761
-48.067062
-48.857837
-49.623656
-50.367508
-51.091920
-51.799053
-52.490771
-53.168695
-53.834251
-54.488696
-55.133154
-55.768631
-56.396038
-57.016202
-57.629884
-58.237782
-58.840546
-59.438784
-60.033067
-60.623935
-61.211904
-61.797467
-62.381103
-62.963275
-63.544438
-64.125037
-64.705518
-65.286321
-65.867890
-66.450675
-67.035130
-67.621723
-68.210932
-68.803254
-69.399205
-69.999323
-70.604176
-71.214363
-71.830520
-72.453326
-73.083509
-73.721851
-74.369202
-75.026485
-75.694705
-76.374970
-77.068501
-77.776649
-78.500922
-79.243011
-80.004820
-80.788510
-81.596548
-82.431770
-83.297466
-84.197481
-85.136355
-86.119509
-87.153491
-88.246328
-89.408021
-90.651271
-91.992584
-93.454012
-95.066051
-96.872742
-98.941414
-101.383282
-104.403890
-108.457614
-114.962900
-146.353384
-116.848700
-111.470114
-108.760615
-107.199104
-106.340654
-106.020623
