0.027669
0.028669
0.029698
0.030756
0.031843
0.032960
0.034109
0.035290
0.036504
0.037752
0.039035
0.040354
0.041710
0.043104
0.044536
0.046009
0.047524
0.049080
0.050681
0.052326
0.054018
0.055756
0.057544
0.059382
0.061272
0.063215
0.065212
0.067265
0.069377
0.071547
0.073779
0.076073
0.078433
0.080858
0.083352
0.085917
0.088554
0.091265
0.094052
0.096919
0.099866
0.102897
0.106014
0.109218
0.112514
0.115903
0.119388
0.122971
0.126657
0.130447
0.134345
0.138353
0.142476
0.146716
0.151077
0.155562
0.160175
0.164920
0.169800
0.174820
0.179983
0.185295
0.190758
0.196378
0.202160
0.208108
0.214226
0.220521
0.226998
0.233661
0.240517
0.247570
0.254828
0.262297
0.269981
0.277890
0.286028
0.294403
0.303022
0.311892
0.321023
0.330420
0.340093
0.350050
0.360299
0.370851
0.381714
0.392898
0.404413
0.416269
0.428478
0.441050
0.453997
0.467331
0.481064
0.495209
0.509779
0.524789
0.540252
0.556183
0.572598
0.589512
0.606942
0.624905
0.643419
0.662502
0.682174
0.702455
0.723364
0.744925
0.767158
0.790088
0.813739
0.838136
0.863305
0.889275
0.916072
0.943728
0.972272
1.001739
1.032161
1.063574
1.096014
1.129521
1.164135
1.199898
1.236854
1.275051
1.314535
1.355359
1.397575
1.441240
1.486414
1.533157
1.581535
1.631617
1.683475
1.737185
1.792828
1.850489
1.910258
1.972229
2.036503
2.103187
2.172393
2.244241
2.318860
2.396384
2.476958
2.560736
2.647882
2.738573
2.832996
2.931353
3.033860
3.140752
3.252277
3.368707
3.490334
3.617475
3.750473
3.889701
4.035565
4.188510
4.349023
4.517636
4.694937
4.881574
5.078266
5.285811
5.505099
5.737126
5.983013
6.244027
6.521604
6.817385
7.133251
7.471376
7.834291
8.224960
8.646885
9.104245
9.602076
10.146516
10.745138
11.407424
12.145418
12.974685
13.915671
14.995659
16.251329
17.731109
19.491908
21.562763
23.753980
25.088274
24.205287
21.882196
19.453092
17.311297
15.469018
13.871559
12.466422
11.212946
10.080858
9.047592
8.096103
7.213305
6.388991
5.615072
4.885058
4.193672
3.536581
2.910195
2.311511
1.738003
1.187533
0.658283
0.148697
-0.342556
-0.816621
-1.274485
-1.716999
-2.144896
-2.558812
-2.959295
-3.346820
-3.721798
-4.084585
-4.435491
-4.774786
-5.102707
-5.419465
-5.725248
-6.020227
-6.304561
-6.578400
-6.841890
-7.095174
-7.338396
-7.571705
-7.795255
-8.009206
-8.213729
-8.409002
-8.595215
-8.772568
-8.941272
-9.101546
-9.253622
-9.397738
-9.534140
-9.663082
-9.784821
-9.899621
-10.007744
-10.109458
-10.205028
-10.294718
-10.378787
-10.457493
-10.531086
-10.599811
-10.663903
-10.723590
-10.779090
-10.830612
-10.878350
-10.922490
-10.963203
-11.000646
-11.034964
-11.066283
-11.094717
-11.120358
-11.143284
-11.163549
-11.181188
-11.196208
-11.208594
-11.218297
-11.225237
-11.229293
-11.230304
-11.228056
-11.222276
-11.212626
-11.198683
-11.179935
-11.155755
-11.125384
-11.087906
-11.042215
-10.986981
-10.920604
-10.841166
-10.746360
-10.633427
-10.499066
-10.339339
-10.149559
-9.924176
-9.656634
-9.339237
-8.962985
-8.517398
-7.990278
-7.367378
-6.631861
-5.763353
-4.736247
-3.516583
-2.056136
-0.280623
1.935992
4.835593
8.970210
15.865880
18.839857
11.324639
7.143001
4.472229
2.571364
1.132614
0.000902
-0.912620
-1.663525
-2.288806
-2.814231
-3.258350
-3.634832
-3.953897
-4.223224
-4.448546
-4.634035
-4.782552
-4.895786
-4.974316
-5.017590
-5.023834
-4.989878
-4.910869
-4.779876
-4.587314
-4.320163
-3.960869
-3.485832
-2.863216
-2.049629
-0.984622
0.419477
2.298542
4.883338
8.589978
13.634659
13.860368
9.148496
5.734657
3.408310
1.743699
0.507294
-0.434261
-1.163033
-1.732523
-2.178993
-2.527568
-2.795710
-2.995228
-3.133378
-3.213286
-3.233716
-3.188076
-3.062283
-2.830799
-2.449587
-1.843917
-0.887953
0.628033
3.048828
6.902363
11.827413
10.610115
6.756355
4.316001
2.846362
1.950850
1.414865
1.120658
1.001980
1.022091
1.163068
1.421092
1.805576
2.341670
3.076478
4.087066
5.463423
7.058283
7.331201
4.648019
1.701200
0.172626
-0.203091
0.000489
0.446987
0.990163
1.569282
2.155059
2.726674
3.261653
3.731268
4.099669
4.327391
4.379705
4.237416
3.904244
3.405665
2.780058
2.067982
1.304706
0.517231
-0.275557
-1.061354
-1.832671
-2.585327
-3.317315
-4.028018
-4.717671
-5.387016
-6.037077
-6.669016
-7.284046
-7.883378
-8.468186
-9.039593
-9.598658
-10.146377
-10.683683
-11.211446
-11.730480
-12.241545
-12.745350
-13.242563
-13.733808
-14.219677
-14.700727
-15.177485
-15.650456
-16.120120
-16.586938
-17.051355
-17.513801
-17.974693
-18.434440
-18.893442
-19.352095
-19.810790
-20.269916
-20.729862
-21.191022
-21.653791
-22.118571
-22.585773
-23.055817
-23.529135
-24.006178
-24.487409
-24.973316
-25.464408
-25.961223
-26.464328
-26.974325
-27.491859
-28.017616
-28.552337
-29.096820
-29.651931
-30.218612
-30.797893
-31.390904
-31.998892
-32.623240
-33.265487
-33.927358
-34.610794
-35.317994
-36.051467
-36.814095
-37.609214
-38.440718
-39.313202
-40.232141
-41.204142
-42.237295
-43.341666
-44.530025
-45.818950
-47.230571
-48.795464
-50.557756
-52.584863
-54.988098
-57.973104
-61.994360
-68.470425
-99.835051
-70.307996
-64.910657
-62.186161
-60.613557
-59.748071
-59.425227
