-0.012150
-0.012137
-0.012123
-0.012108
-0.012094
-0.012078
-0.012063
-0.012047
-0.012030
-0.012013
-0.011996
-0.011978
-0.011959
-0.011940
-0.011921
-0.011901
-0.011880
-0.011859
-0.011838
-0.011815
-0.011792
-0.011769
-0.011744
-0.011720
-0.011694
-0.011668
-0.011641
-0.011613
-0.011584
-0.011555
-0.011525
-0.011494
-0.011462
-0.011429
-0.011395
-0.011361
-0.011325
-0.011289
-0.011251
-0.011212
-0.011173
-0.011132
-0.011090
-0.011047
-0.011002
-0.010957
-0.010910
-0.010862
-0.010813
-0.010762
-0.010709
-0.010656
-0.010601
-0.010544
-0.010486
-0.010426
-0.010364
-0.010301
-0.010236
-0.010169
-0.010100
-0.010030
-0.009957
-0.009882
-0.009806
-0.009727
-0.009646
-0.009563
-0.009477
-0.009389
-0.009299
-0.009206
-0.009110
-0.009012
-0.008911
-0.008808
-0.008701
-0.008592
-0.008479
-0.008363
-0.008245
-0.008122
-0.007997
-0.007868
-0.007735
-0.007599
-0.007458
-0.007314
-0.007166
-0.007014
-0.006858
-0.006697
-0.006532
-0.006362
-0.006187
-0.006008
-0.005823
-0.005634
-0.005439
-0.005239
-0.005033
-0.004821
-0.004604
-0.004380
-0.004151
-0.003915
-0.003672
-0.003423
-0.003166
-0.002903
-0.002632
-0.002354
-0.002068
-0.001774
-0.001471
-0.001161
-0.000842
-0.000513
-0.000176
0.000171
0.000527
0.000893
0.001270
0.001657
0.002054
0.002463
0.002883
0.003315
0.003759
0.004215
0.004684
0.005166
0.005662
0.006171
0.006695
0.007233
0.007786
0.008354
0.008938
0.009539
0.010156
0.010791
0.011443
0.012113
0.012802
0.013511
0.014239
0.014987
0.015756
0.016547
0.017360
0.018195
0.019054
0.019937
0.020844
0.021777
0.022735
0.023721
0.024734
0.025775
0.026845
0.027946
0.029077
0.030239
0.031435
0.032663
0.033926
0.035224
0.036559
0.037931
0.039341
0.040791
0.042281
0.043813
0.045388
0.047007
0.048671
0.050382
0.052141
0.053949
0.055808
0.057720
0.059684
0.061704
0.063781
0.065916
0.068110
0.070367
0.072687
0.075072
0.077524
0.080045
0.082637
0.085302
0.088042
0.090860
0.093756
0.096735
0.099797
0.102946
0.106183
0.109512
0.112936
0.116455
0.120075
0.123796
0.127623
0.131559
0.135606
0.139767
0.144047
0.148448
0.152974
0.157629
0.162416
0.167339
0.172403
0.177610
0.182966
0.188475
0.194141
0.199969
0.205964
0.212130
0.218472
0.224997
0.231708
0.238613
0.245715
0.253022
0.260539
0.268273
0.276230
0.284417
0.292840
0.301507
0.310425
0.319602
0.329045
0.338763
0.348764
0.359056
0.369648
0.380550
0.391772
0.403322
0.415211
0.427449
0.440048
0.453018
0.466371
0.480120
0.494276
0.508852
0.523861
0.539318
0.555237
0.571631
0.588518
0.605911
0.623828
0.642286
0.661302
0.680894
0.701081
0.721884
0.743321
0.765415
0.788188
0.811661
0.835859
0.860806
0.886528
0.913051
0.940402
0.968611
0.997707
1.027722
1.058687
1.090636
1.123605
1.157629
1.192748
1.229000
1.266427
1.305072
1.344981
1.386201
1.428781
1.472772
1.518229
1.565207
1.613767
1.663970
1.715880
1.769566
1.825098
1.882553
1.942008
2.003545
2.067253
2.133221
2.201546
2.272330
2.345678
2.421704
2.500526
2.582268
2.667063
2.755052
2.846381
2.941207
3.039696
3.142024
3.248375
3.358948
3.473953
3.593611
3.718158
3.847847
3.982944
4.123732
4.270513
4.423609
4.583358
4.750123
4.924286
5.106253
5.296452
5.495332
5.703363
5.921036
6.148854
6.387331
6.636978
6.898294
7.171741
7.457722
7.756534
8.068315
8.392968
8.730048
9.078621
9.437066
9.802821
10.172058
10.539307
10.897034
11.235267
11.541401
11.800394
11.995613
12.110499
12.130967
12.047995
11.859556
11.571083
11.194264
10.744693
10.239276
9.694124
9.123277
8.538182
7.947707
7.358441
6.775101
6.200936
5.638088
5.087880
4.551042
4.027886
3.518426
3.022478
2.539723
2.069760
1.612131
1.166355
0.731938
0.308388
-0.104781
-0.508040
-0.901847
-1.286640
-1.662844
-2.030862
-2.391084
-2.743883
-3.089618
-3.428633
-3.761264
-4.087831
-4.408650
-4.724026
-5.034258
-5.339638
-5.640455
-5.936993
-6.229535
-6.518362
-6.803752
-7.085987
-7.365346
-7.642112
-7.916570
-8.189008
-8.459717
-8.728993
-8.997139
-9.264461
-9.531275
-9.797901
-10.064670
-10.331920
-10.600002
-10.869277
-11.140116
-11.412905
-11.688047
-11.965959
-12.247076
-12.531852
-12.820767
-13.114321
-13.413043
-13.717493
-14.028263
-14.345984
-14.671329
-15.005020
-15.347832
-15.700601
-16.064236
-16.439722
-16.828139
-17.230672
-17.648629
-18.083463
-18.536794
-19.010441
-19.506462
-20.027197
-20.575328
-21.153961
-21.766715
-22.417859
-23.112483
-23.856730
-24.658133
-25.526074
-26.472482
-27.512877
-28.668028
-29.966712
-31.450576
-33.183405
-35.270665
-37.907009
-41.519786
-47.412430
-69.616097
-49.410311
-43.245609
-39.854806
-37.545691
-35.800093
-34.374741
-33.119746
-31.922224
-30.688579
-29.345078
-27.846680
-26.183210
-24.375095
-22.460725
-20.484171
-18.489777
-16.524621
-14.646802
-12.936142
-11.501404
-10.476747
-10.016336
-10.360197
-12.150930
-5.739943
0.766882
-3.519290
-5.109298
-5.691940
-0.916975
9.747164
1.975299
0.252809
-0.113861
0.173044
0.993138
2.461667
5.010323
10.165380
24.126093
6.811620
-0.133085
-4.919064
-8.879412
-12.484365
-15.982832
-19.553952
-23.367631
-27.631157
-32.682627
-39.436903
-53.164503
