0.079719
0.082335
0.085023
0.087784
0.090621
0.093536
0.096531
0.099607
0.102768
0.106015
0.109350
0.112777
0.116297
0.119913
0.123628
0.127444
0.131364
0.135390
0.139526
0.143775
0.148139
0.152621
0.157225
0.161954
0.166811
0.171799
0.176923
0.182185
0.187589
0.193139
0.198839
0.204693
0.210704
0.216877
0.223216
0.229726
0.236410
0.243273
0.250320
0.257556
0.264986
0.272614
0.280445
0.288486
0.296740
0.305214
0.313913
0.322844
0.332010
0.341420
0.351078
0.360991
0.371166
0.381608
0.392326
0.403324
0.414612
0.426194
0.438080
0.450275
0.462789
0.475628
0.488801
0.502315
0.516179
0.530401
0.544990
0.559955
0.575304
0.591046
0.607192
0.623750
0.640730
0.658142
0.675995
0.694301
0.713069
0.732310
0.752036
0.772255
0.792981
0.814225
0.835997
0.858310
0.881175
0.904605
0.928613
0.953210
0.978409
1.004224
1.030668
1.057754
1.085495
1.113906
1.143001
1.172793
1.203297
1.234527
1.266500
1.299229
1.332729
1.367018
1.402109
1.438019
1.474764
1.512361
1.550826
1.590175
1.630426
1.671597
1.713703
1.756764
1.800797
1.845820
1.891851
1.938910
1.987015
2.036184
2.086439
2.137797
2.190280
2.243907
2.298698
2.354676
2.411859
2.470271
2.529933
2.590867
2.653095
2.716640
2.781525
2.847775
2.915413
2.984464
3.054952
3.126904
3.200346
3.275303
3.351805
3.429877
3.509550
3.590852
3.673814
3.758466
3.844841
3.932970
4.022889
4.114632
4.208235
4.303734
4.401169
4.500580
4.602007
4.705493
4.811083
4.918824
5.028764
5.140952
5.255442
5.372288
5.491548
5.613281
5.737551
5.864422
5.993966
6.126254
6.261363
6.399373
6.540370
6.684444
6.831689
6.982205
7.136100
7.293485
7.454481
7.619214
7.787819
7.960440
8.137231
8.318355
8.503988
8.694316
8.889541
9.089877
9.295556
9.506827
9.723958
9.947240
10.176986
10.413534
10.657253
10.908544
11.167843
11.435625
11.712412
11.998775
12.295339
12.602798
12.921912
13.253527
13.598580
13.958114
14.333292
14.725417
15.135948
15.566527
16.019002
16.495458
16.998246
17.530014
18.093730
18.692693
19.330510
20.010997
20.737949
21.514633
22.342770
23.220560
24.138997
25.075418
25.983603
26.782827
27.357297
27.586915
27.411127
26.871636
26.082274
25.163433
24.203377
23.254350
22.342768
21.479703
20.668006
19.906439
19.191927
18.520715
17.888954
17.292973
16.729398
16.195182
15.687604
15.204246
14.742960
14.301843
13.879202
13.473532
13.083491
12.707877
12.345613
11.995731
11.657359
11.329708
11.012062
10.703771
10.404243
10.112938
9.829361
9.553059
9.283613
9.020640
8.763785
8.512721
8.267144
8.026772
7.791345
7.560618
7.334365
7.112374
6.894447
6.680399
6.470057
6.263259
6.059851
5.859691
5.662643
5.468581
5.277384
5.088941
4.903144
4.719892
4.539091
4.360651
4.184486
4.010516
3.838664
3.668859
3.501030
3.335114
3.171048
3.008773
2.848234
2.689378
2.532154
2.376515
2.222415
2.069811
1.918662
1.768929
1.620574
1.473563
1.327862
1.183439
1.040265
0.898309
0.757546
0.617950
0.479495
0.342160
0.205921
0.070759
-0.063346
-0.196413
-0.328459
-0.459500
-0.589552
-0.718629
-0.846745
-0.973912
-1.100141
-1.225445
-1.349832
-1.473312
-1.595893
-1.717584
-1.838391
-1.958321
-2.077379
-2.195570
-2.312899
-2.429369
-2.544984
-2.659745
-2.773656
-2.886716
-2.998927
-3.110289
-3.220802
-3.330465
-3.439276
-3.547233
-3.654335
-3.760579
-3.865960
-3.970475
-4.074121
-4.176891
-4.278782
-4.379787
-4.479900
-4.579115
-4.677425
-4.774823
-4.871301
-4.966850
-5.061463
-5.155130
-5.247842
-5.339590
-5.430362
-5.520149
-5.608940
-5.696723
-5.783487
-5.869220
-5.953910
-6.037543
-6.120106
-6.201586
-6.281968
-6.361239
-6.439384
-6.516386
-6.592232
-6.666904
-6.740385
-6.812660
-6.883710
-6.953518
-7.022064
-7.089331
-7.155298
-7.219945
-7.283252
-7.345197
-7.405758
-7.464913
-7.522637
-7.578907
-7.633698
-7.686983
-7.738735
-7.788928
-7.837531
-7.884514
-7.929847
-7.973497
-8.015430
-8.055609
-8.093999
-8.130561
-8.165253
-8.198033
-8.228856
-8.257676
-8.284442
-8.309103
-8.331604
-8.351886
-8.369887
-8.385542
-8.398783
-8.409535
-8.417720
-8.423254
-8.426050
-8.426011
-8.423036
-8.417016
-8.407835
-8.395367
-8.379477
-8.360021
-8.336840
-8.309766
-8.278615
-8.243188
-8.203269
-8.158624
-8.108995
-8.054102
-7.993639
-7.927269
-7.854622
-7.775289
-7.688821
-7.594717
-7.492421
-7.381314
-7.260703
-7.129810
-6.987757
-6.833553
-6.666070
-6.484020
-6.285924
-6.070075
-5.834488
-5.576844
-5.294406
-4.983922
-4.641488
-4.262369
-3.840752
-3.369405
-2.839182
-2.238309
-1.551307
-0.757310
0.172650
1.280201
2.627608
4.311957
6.487889
9.367806
12.744687
13.203926
9.483218
5.798884
2.858881
0.463158
-1.563247
-3.331535
-4.912793
-6.354357
-7.688623
-8.936556
-10.105047
-11.170086
-12.017197
-12.266487
-11.002348
-7.166169
-0.554417
7.566860
9.963638
2.132754
-7.373159
-14.296567
-17.758085
-18.015962
-17.053542
-15.710369
-14.033157
-11.822400
-8.845391
-6.562098
-9.900871
-15.000891
-19.437530
-23.411053
-27.237102
-31.186954
-35.570439
-40.915758
-48.698617
-81.400835
-53.284555
-49.406232
-48.323128
-48.460266
-49.128934
-49.599549
