-0.015234
-0.015059
-0.014879
-0.014694
-0.014504
-0.014308
-0.014107
-0.013901
-0.013688
-0.013470
-0.013246
-0.013015
-0.012778
-0.012535
-0.012284
-0.012027
-0.011763
-0.011491
-0.011212
-0.010924
-0.010629
-0.010326
-0.010014
-0.009694
-0.009365
-0.009026
-0.008678
-0.008321
-0.007953
-0.007575
-0.007187
-0.006788
-0.006378
-0.005956
-0.005523
-0.005077
-0.004620
-0.004149
-0.003666
-0.003168
-0.002658
-0.002132
-0.001593
-0.001038
-0.000468
0.000119
0.000721
0.001340
0.001977
0.002631
0.003303
0.003994
0.004705
0.005435
0.006186
0.006957
0.007750
0.008565
0.009403
0.010264
0.011149
0.012059
0.012994
0.013955
0.014943
0.015959
0.017003
0.018076
0.019178
0.020312
0.021477
0.022675
0.023907
0.025172
0.026473
0.027810
0.029185
0.030598
0.032050
0.033543
0.035078
0.036656
0.038277
0.039944
0.041658
0.043419
0.045230
0.047091
0.049005
0.050972
0.052994
0.055072
0.057209
0.059406
0.061664
0.063985
0.066371
0.068824
0.071346
0.073939
0.076604
0.079344
0.082161
0.085057
0.088034
0.091095
0.094242
0.097477
0.100803
0.104223
0.107738
0.111353
0.115069
0.118890
0.122818
0.126857
0.131010
0.135280
0.139670
0.144184
0.148825
0.153598
0.158505
0.163550
0.168739
0.174074
0.179560
0.185201
0.191002
0.196967
0.203102
0.209410
0.215898
0.222569
0.229430
0.236486
0.243743
0.251207
0.258882
0.266777
0.274897
0.283248
0.291838
0.300673
0.309761
0.319109
0.328725
0.338616
0.348791
0.359258
0.370026
0.381103
0.392500
0.404224
0.416287
0.428697
0.441467
0.454605
0.468124
0.482034
0.496348
0.511078
0.526235
0.541834
0.557887
0.574409
0.591412
0.608913
0.626927
0.645468
0.664553
0.684199
0.704423
0.725242
0.746676
0.768743
0.791463
0.814855
0.838942
0.863744
0.889283
0.915584
0.942669
0.970564
0.999293
1.028883
1.059360
1.090754
1.123093
1.156406
1.190725
1.226081
1.262507
1.300038
1.338707
1.378551
1.419607
1.461914
1.505511
1.550438
1.596737
1.644452
1.693626
1.744304
1.796534
1.850363
1.905839
1.963013
2.021935
2.082657
2.145231
2.209711
2.276151
2.344604
2.415125
2.487768
2.562588
2.639636
2.718965
2.800624
2.884662
2.971124
3.060050
3.151477
3.245436
3.341950
3.441036
3.542699
3.646932
3.753718
3.863021
3.974789
4.088946
4.205395
4.324011
4.444638
4.567087
4.691131
4.816499
4.942880
5.069909
5.197176
5.324214
5.450508
5.575489
5.698545
5.819021
5.936235
6.049492
6.158101
6.261398
6.358779
6.449729
6.533863
6.610959
6.681005
6.744234
6.801162
6.852626
6.899803
6.944239
6.987866
7.033008
7.082396
7.139176
7.206927
7.289678
7.391947
7.518791
7.675884
7.869615
8.107224
8.396962
8.748268
9.171915
9.680001
10.285435
11.000077
11.829369
12.758331
13.718753
14.529755
14.862181
14.405638
13.197439
11.576749
9.850805
8.176376
6.609321
5.160018
3.821952
2.583631
1.433089
0.359415
-0.646860
-1.593797
-2.488206
-3.335827
-4.141495
-4.909280
-5.642596
-6.344295
-7.016730
-7.661815
-8.281060
-8.875608
-9.446258
-9.993484
-10.517454
-11.018047
-11.494867
-11.947267
-12.374374
-12.775125
-13.148300
-13.492583
-13.806610
-14.089042
-14.338626
-14.554269
-14.735097
-14.880505
-14.990188
-15.064158
-15.102728
-15.106486
-15.076238
-15.012947
-14.917653
-14.791394
-14.635122
-14.449625
-14.235450
-13.992832
-13.721619
-13.421205
-13.090446
-12.727587
-12.330160
-11.894885
-11.417576
-10.893062
-10.315227
-9.677314
-8.972913
-8.198525
-7.359725
-6.484848
-5.651632
-5.023203
-4.845303
-5.311606
-6.373291
-7.774916
-9.253145
-10.629430
-11.795449
-12.684573
-13.260515
-13.516486
-13.472173
-13.163202
-12.627050
-11.891596
-10.968629
-9.850901
-8.510799
-6.901992
-4.979528
-2.816364
-1.061887
-1.238813
-3.339373
-5.807424
-7.952784
-9.664248
-10.952413
-11.839556
-12.347938
-12.503394
-12.334800
-11.867194
-11.111362
-10.051634
-8.629151
-6.710665
-4.018784
-0.004019
4.916897
2.023921
-2.719996
-5.658440
-7.324871
-8.081451
-8.156534
-7.709683
-6.842311
-5.598390
-3.964586
-1.868181
0.804954
3.941035
5.652689
3.506503
0.302010
-2.406913
-4.592554
-6.395501
-7.924042
-9.250826
-10.424796
-11.479876
-12.440314
-13.323946
-14.144219
-14.911498
-15.633924
-16.317997
-16.968988
-17.591222
-18.188293
-18.763217
-19.318552
-19.856481
-20.378889
-20.887412
-21.383478
-21.868345
-22.343128
-22.808817
-23.266302
-23.716381
-24.159777
-24.597150
-25.029101
-25.456182
-25.878904
-26.297739
-26.713129
-27.125486
-27.535199
-27.942635
-28.348142
-28.752053
-29.154689
-29.556355
-29.957352
-30.357968
-30.758487
-31.159189
-31.560349
-31.962240
-32.365136
-32.769308
-33.175032
-33.582587
-33.992253
-34.404319
-34.819080
-35.236838
-35.657907
-36.082611
-36.511286
-36.944286
-37.381977
-37.824750
-38.273011
-38.727194
-39.187759
-39.655194
-40.130023
-40.612807
-41.104148
-41.604697
-42.115159
-42.636299
-43.168951
-43.714027
-44.272529
-44.845562
-45.434347
-46.040244
-46.664771
-47.309630
-47.976745
-48.668297
-49.386778
-50.135054
-50.916447
-51.734838
-52.594810
-53.501826
-54.462486
-55.484869
-56.579033
-57.757744
-59.037573
-60.440648
-61.997541
-63.752377
-65.772574
-68.169444
-71.148634
-75.164628
-81.635990
-112.996481
-83.465869
-78.065561
-75.338700
-73.764352
-72.897763
-72.574477
