0.766542
0.789264
0.812674
0.836795
0.861652
0.887268
0.913668
0.940880
0.968930
0.997846
1.027659
1.058399
1.090097
1.122788
1.156505
1.191285
1.227165
1.264184
1.302383
1.341804
1.382491
1.424492
1.467853
1.512626
1.558863
1.606619
1.655951
1.706921
1.759591
1.814027
1.870299
1.928478
1.988643
2.050871
2.115249
2.181863
2.250808
2.322180
2.396083
2.472626
2.551923
2.634095
2.719269
2.807581
2.899172
2.994194
3.092806
3.195178
3.301489
3.411929
3.526700
3.646017
3.770108
3.899214
4.033595
4.173524
4.319294
4.471214
4.629615
4.794850
4.967290
5.147332
5.335395
5.531923
5.737380
5.952253
6.177050
6.412291
6.658503
6.916211
7.185919
7.468086
7.763098
8.071214
8.392500
8.726742
9.073307
9.430979
9.797719
10.170365
10.544258
10.912805
11.267033
11.595239
11.882937
12.113354
12.268761
12.332703
12.292806
12.143341
11.886536
11.532060
11.094898
10.592533
10.042387
9.460072
8.858556
8.248001
7.636012
7.028055
6.427913
5.838083
5.260117
4.694885
4.142768
3.603813
3.077838
2.564505
2.063386
1.573990
1.095801
0.628291
0.170935
-0.276780
-0.715350
-1.145252
-1.566938
-1.980838
-2.387358
-2.786882
-3.179771
-3.566364
-3.946981
-4.321922
-4.691470
-5.055888
-5.415427
-5.770321
-6.120790
-6.467041
-6.809271
-7.147664
-7.482392
-7.813621
-8.141504
-8.466188
-8.787811
-9.106504
-9.422391
-9.735589
-10.046209
-10.354358
-10.660134
-10.963633
-11.264946
-11.564159
-11.861353
-12.156607
-12.449995
-12.741588
-13.031452
-13.319653
-13.606253
-13.891310
-14.174880
-14.457017
-14.737772
-15.017196
-15.295334
-15.572232
-15.847934
-16.122481
-16.395913
-16.668267
-16.939582
-17.209891
-17.479230
-17.747629
-18.015122
-18.281737
-18.547504
-18.812451
-19.076604
-19.339990
-19.602633
-19.864557
-20.125785
-20.386340
-20.646243
-20.905515
-21.164176
-21.422244
-21.679740
-21.936680
-22.193083
-22.448964
-22.704341
-22.959228
-23.213642
-23.467596
-23.721105
-23.974182
-24.226842
-24.479096
-24.730957
-24.982437
-25.233548
-25.484301
-25.734707
-25.984776
-26.234520
-26.483947
-26.733068
-26.981891
-27.230426
-27.478682
-27.726667
-27.974390
-28.221858
-28.469079
-28.716061
-28.962811
-29.209337
-29.455645
-29.701742
-29.947634
-30.193329
-30.438832
-30.684149
-30.929286
-31.174248
-31.419042
-31.663673
-31.908146
-32.152465
-32.396637
-32.640666
-32.884556
-33.128313
-33.371940
-33.615443
-33.858825
-34.102090
-34.345244
-34.588289
-34.831230
-35.074070
-35.316814
-35.559464
-35.802025
-36.044499
-36.286891
-36.529204
-36.771441
-37.013605
-37.255699
-37.497727
-37.739691
-37.981595
-38.223442
-38.465234
-38.706974
-38.948665
-39.190310
-39.431912
-39.673473
-39.914996
-40.156484
-40.397939
-40.639364
-40.880762
-41.122134
-41.363484
-41.604814
-41.846126
-42.087423
-42.328708
-42.569983
-42.811250
-43.052511
-43.293770
-43.535028
-43.776289
-44.017554
-44.258825
-44.500106
-44.741399
-44.982706
-45.224030
-45.465373
-45.706737
-45.948126
-46.189542
-46.430986
-46.672463
-46.913974
-47.155522
-47.397109
-47.638740
-47.880415
-48.122138
-48.363912
-48.605739
-48.847623
-49.089566
-49.331571
-49.573642
-49.815781
-50.057992
-50.300277
-50.542641
-50.785085
-51.027615
-51.270232
-51.512942
-51.755746
-51.998650
-52.241656
-52.484769
-52.727992
-52.971330
-53.214786
-53.458365
-53.702072
-53.945910
-54.189884
-54.433999
-54.678260
-54.922671
-55.167237
-55.411964
-55.656857
-55.901921
-56.147163
-56.392587
-56.638199
-56.884006
-57.130014
-57.376229
-57.622658
-57.869307
-58.116184
-58.363296
-58.610649
-58.858252
-59.106113
-59.354239
-59.602638
-59.851320
-60.100293
-60.349566
-60.599148
-60.849050
-61.099280
-61.349849
-61.600768
-61.852048
-62.103699
-62.355733
-62.608163
-62.861000
-63.114258
-63.367948
-63.622086
-63.876685
-64.131759
-64.387323
-64.643393
-64.899985
-65.157114
-65.414800
-65.673058
-65.931907
-66.191366
-66.451455
-66.712194
-66.973603
-67.235705
-67.498521
-67.762076
-68.026393
-68.291497
-68.557415
-68.824172
-69.091797
-69.360319
-69.629768
-69.900175
-70.171572
-70.443993
-70.717473
-70.992049
-71.267757
-71.544637
-71.822731
-72.102080
-72.382729
-72.664724
-72.948113
-73.232946
-73.519275
-73.807156
-74.096644
-74.387799
-74.680683
-74.975361
-75.271901
-75.570373
-75.870852
-76.173415
-76.478144
-76.785123
-77.094443
-77.406197
-77.720483
-78.037405
-78.357071
-78.679596
-79.005100
-79.333709
-79.665557
-80.000784
-80.339539
-80.681978
-81.028266
-81.378578
-81.733099
-82.092024
-82.455560
-82.823927
-83.197357
-83.576096
-83.960408
-84.350570
-84.746878
-85.149646
-85.559209
-85.975923
-86.400167
-86.832342
-87.272879
-87.722233
-88.180889
-88.649361
-89.128194
-89.617965
-90.119282
-90.632784
-91.159136
-91.699029
-92.253170
-92.822276
-93.407052
-94.008177
-94.626267
-95.261838
-95.915241
-96.586589
-97.275648
-97.981696
-98.703356
-99.438374
-100.183382
-100.933642
-101.682843
-102.423023
-103.144785
-103.837977
-104.493123
-105.104007
-105.672489
-106.218985
-106.809662
-107.628098
-109.102896
-111.809675
-115.708592
-120.291927
-127.075779
-139.806022
-122.432635
-116.174770
-112.003131
-108.787473
-106.146565
-103.910043
-101.994278
-100.361634
-99.005738
-97.949468
-97.256771
-97.077405
-97.808123
-100.702215
-99.449673
-89.637372
-88.616265
-89.888394
-91.446335
-90.247425
-83.103293
-80.977899
-82.380344
-83.551626
-84.406180
-85.123952
-85.828615
-86.521805
-86.943788
-86.876145
-86.593586
-86.361739
-86.222288
-86.147364
-86.110050
-86.093473
-86.087926
-86.087885
-86.090170
-86.092926
-86.095073
-86.096009
