0.005155
0.005724
0.006309
0.006910
0.007528
0.008163
0.008816
0.009486
0.010176
0.010884
0.011613
0.012361
0.013130
0.013921
0.014733
0.015568
0.016427
0.017309
0.018215
0.019147
0.020105
0.021089
0.022101
0.023140
0.024209
0.025307
0.026436
0.027596
0.028788
0.030013
0.031273
0.032567
0.033897
0.035265
0.036670
0.038114
0.039598
0.041123
0.042691
0.044302
0.045958
0.047660
0.049410
0.051207
0.053055
0.054954
0.056905
0.058911
0.060972
0.063091
0.065268
0.067506
0.069805
0.072169
0.074598
0.077095
0.079660
0.082297
0.085007
0.087792
0.090655
0.093596
0.096620
0.099727
0.102920
0.106202
0.109574
0.113040
0.116603
0.120264
0.124026
0.127893
0.131866
0.135950
0.140147
0.144460
0.148893
0.153448
0.158130
0.162941
0.167885
0.172966
0.178188
0.183554
0.189069
0.194737
0.200561
0.206546
0.212697
0.219018
0.225514
0.232190
0.239050
0.246099
0.253344
0.260788
0.268439
0.276301
0.284380
0.292682
0.301213
0.309980
0.318989
0.328247
0.337760
0.347536
0.357581
0.367903
0.378511
0.389410
0.400610
0.412119
0.423945
0.436097
0.448584
0.461414
0.474598
0.488145
0.502064
0.516367
0.531063
0.546163
0.561679
0.577621
0.594001
0.610832
0.628125
0.645892
0.664148
0.682905
0.702177
0.721977
0.742320
0.763222
0.784696
0.806759
0.829427
0.852715
0.876641
0.901222
0.926476
0.952420
0.979075
1.006458
1.034589
1.063490
1.093179
1.123680
1.155013
1.187201
1.220268
1.254236
1.289130
1.324976
1.361798
1.399623
1.438477
1.478390
1.519388
1.561501
1.604759
1.649192
1.694833
1.741713
1.789865
1.839324
1.890125
1.942302
1.995893
2.050936
2.107468
2.165530
2.225162
2.286405
2.349302
2.413896
2.480231
2.548354
2.618311
2.690149
2.763916
2.839663
2.917440
2.997298
3.079289
3.163468
3.249887
3.338601
3.429666
3.523137
3.619070
3.717522
3.818548
3.922205
4.028548
4.137630
4.249505
4.364224
4.481835
4.602384
4.725913
4.852458
4.982050
5.114714
5.250465
5.389308
5.531238
5.676232
5.824255
5.975248
6.129132
6.285801
6.445115
6.606903
6.770948
6.936990
7.104711
7.273736
7.443617
7.613833
7.783773
7.952738
8.119923
8.284417
8.445196
8.601122
8.750941
8.893293
9.026723
9.149697
9.260633
9.357933
9.440023
9.505408
9.552717
9.580763
9.588590
9.575520
9.541182
9.485535
9.408869
9.311788
9.195189
9.060212
8.908198
8.740632
8.559092
8.365196
8.160561
7.946763
7.725311
7.497625
7.265019
7.028698
6.789753
6.549162
6.307796
6.066422
5.825715
5.586263
5.348577
5.113099
4.880210
4.650236
4.423460
4.200122
3.980431
3.764565
3.552681
3.344913
3.141382
2.942197
2.747458
2.557256
2.371683
2.190828
2.014781
1.843635
1.677491
1.516455
1.360645
1.210190
1.065233
0.925934
0.792471
0.665047
0.543888
0.429248
0.321415
0.220716
0.127516
0.042233
-0.034663
-0.102635
-0.161078
-0.209298
-0.246507
-0.271802
-0.284154
-0.282377
-0.265114
-0.230799
-0.177632
-0.103537
-0.006126
0.117339
0.269972
0.455265
0.677030
0.939213
1.245455
1.598143
1.996485
2.432742
2.885310
3.307421
3.613378
3.675083
3.355850
2.587699
1.424074
0.000796
-1.543331
-3.108292
-4.633157
-6.082497
-7.434470
-8.673805
-9.788794
-10.770858
-11.615457
-12.323241
-12.900569
-13.358949
-13.713524
-13.981124
-14.178453
-14.320791
-14.421290
-14.490768
-14.537822
-14.569114
-14.589701
-14.603362
-14.612881
-14.620283
-14.627020
-14.634116
-14.642275
-14.651966
-14.663487
-14.677009
-14.692612
-14.710310
-14.730071
-14.751832
-14.775507
-14.800997
-14.828194
-14.856987
-14.887261
-14.918906
-14.951811
-14.985871
-15.020982
-15.057048
-15.093976
-15.131678
-15.170070
-15.209075
-15.248618
-15.288631
-15.329048
-15.369809
-15.410856
-15.452135
-15.493597
-15.535195
-15.576885
-15.618624
-15.660375
-15.702100
-15.743764
-15.785336
-15.826782
-15.868074
-15.909180
-15.950073
-15.990723
-16.031102
-16.071179
-16.110923
-16.150300
-16.189274
-16.227804
-16.265845
-16.303345
-16.340240
-16.376460
-16.411917
-16.446505
-16.480096
-16.512532
-16.543616
-16.573100
-16.600674
-16.625940
-16.648390
-16.667366
-16.682008
-16.691182
-16.693377
-16.686558
-16.667947
-16.633706
-16.578455
-16.494549
-16.370946
-16.191461
-15.932000
-15.556188
-15.008393
-14.202448
-13.002420
-11.184375
-8.334689
-3.457797
6.566372
0.402847
-5.634737
-8.795957
-10.760943
-12.091762
-13.043007
-13.750398
-14.293441
-14.721664
-15.067325
-15.352187
-15.591366
-15.795634
-15.972844
-16.128847
-16.268091
-16.394030
-16.509408
-16.616459
-16.717064
-16.812873
-16.905408
-16.996176
-17.086792
-17.179159
-17.275735
-17.379994
-17.497265
-17.636380
-17.813118
-18.058001
-18.435526
-19.096371
-20.434331
-23.621674
-33.917563
-31.070545
-24.285264
-22.021746
-21.060580
-20.637310
-20.486440
-20.501419
-20.638461
-20.883954
-21.242351
-21.729367
-22.351166
-22.975326
-22.610256
-18.075322
-6.203865
-4.433749
-9.062475
-8.790176
-5.502810
-0.215028
-1.307449
-5.292816
-7.835131
-9.468297
-10.590359
-11.404111
-12.018993
-12.498489
-12.881738
-13.194099
-13.452683
-13.669433
-13.852916
-14.009425
-14.143674
-14.259250
-14.358917
-14.444825
-14.518654
-14.581722
-14.635051
-14.679428
-14.715437
-14.743485
-14.763821
-14.776542
-14.781590
