0.114624
0.118245
0.121966
0.125791
0.129722
0.133763
0.137916
0.142185
0.146573
0.151083
0.155718
0.160483
0.165380
0.170414
0.175587
0.180905
0.186371
0.191989
0.197764
0.203699
0.209799
0.216070
0.222515
0.229139
0.235948
0.242947
0.250140
0.257533
0.265133
0.272944
0.280972
0.289224
0.297706
0.306423
0.315384
0.324593
0.334059
0.343788
0.353788
0.364066
0.374630
0.385487
0.396646
0.408116
0.419904
0.432020
0.444472
0.457269
0.470422
0.483940
0.497833
0.512111
0.526784
0.541864
0.557361
0.573287
0.589653
0.606471
0.623754
0.641513
0.659762
0.678513
0.697780
0.717576
0.737916
0.758813
0.780282
0.802337
0.824994
0.848269
0.872176
0.896731
0.921951
0.947852
0.974451
1.001763
1.029807
1.058600
1.088158
1.118498
1.149639
1.181598
1.214391
1.248037
1.282551
1.317951
1.354253
1.391474
1.429627
1.468729
1.508794
1.549833
1.591859
1.634883
1.678912
1.723955
1.770016
1.817098
1.865200
1.914320
1.964449
2.015579
2.067692
2.120768
2.174781
2.229698
2.285479
2.342076
2.399430
2.457475
2.516132
2.575309
2.634902
2.694790
2.754837
2.814887
2.874765
2.934274
2.993194
3.051280
3.108259
3.163829
3.217660
3.269387
3.318616
3.364917
3.407827
3.446851
3.481461
3.511100
3.535185
3.553110
3.564251
3.567977
3.563653
3.550650
3.528360
3.496200
3.453629
3.400157
3.335355
3.258871
3.170430
3.069850
2.957043
2.832017
2.694875
2.545817
2.385131
2.213187
2.030426
1.837352
1.634521
1.422528
1.201995
0.973561
0.737873
0.495574
0.247299
-0.006336
-0.264736
-0.527334
-0.793592
-1.063003
-1.335093
-1.609423
-1.885584
-2.163201
-2.441932
-2.721462
-3.001506
-3.281805
-3.562125
-3.842255
-4.122006
-4.401207
-4.679706
-4.957367
-5.234068
-5.509701
-5.784170
-6.057389
-6.329282
-6.599782
-6.868829
-7.136370
-7.402357
-7.666748
-7.929505
-8.190595
-8.449988
-8.707654
-8.963571
-9.217713
-9.470061
-9.720592
-9.969289
-10.216133
-10.461105
-10.704189
-10.945365
-11.184617
-11.421926
-11.657273
-11.890641
-12.122008
-12.351354
-12.578658
-12.803896
-13.027046
-13.248082
-13.466979
-13.683709
-13.898242
-14.110550
-14.320600
-14.528359
-14.733792
-14.936863
-15.137533
-15.335764
-15.531513
-15.724738
-15.915394
-16.103433
-16.288808
-16.471468
-16.651361
-16.828434
-17.002631
-17.173893
-17.342162
-17.507377
-17.669475
-17.828390
-17.984057
-18.136406
-18.285367
-18.430868
-18.572835
-18.711192
-18.845863
-18.976766
-19.103822
-19.226946
-19.346055
-19.461061
-19.571876
-19.678409
-19.780568
-19.878258
-19.971382
-20.059843
-20.143539
-20.222367
-20.296221
-20.364993
-20.428573
-20.486845
-20.539694
-20.586999
-20.628635
-20.664475
-20.694387
-20.718233
-20.735872
-20.747157
-20.751932
-20.750039
-20.741309
-20.725568
-20.702630
-20.672302
-20.634380
-20.588646
-20.534872
-20.472814
-20.402214
-20.322795
-20.234263
-20.136301
-20.028570
-19.910705
-19.782312
-19.642965
-19.492204
-19.329529
-19.154395
-18.966209
-18.764321
-18.548020
-18.316524
-18.068969
-17.804404
-17.521770
-17.219892
-16.897455
-16.552988
-16.184835
-15.791127
-15.369742
-14.918264
-14.433928
-13.913557
-13.353483
-12.749461
-12.096562
-11.389063
-10.620354
-9.782892
-8.868320
-7.867998
-6.774491
-5.585264
-4.311239
-2.994952
-1.742596
-0.755004
-0.285058
-0.457675
-1.141394
-2.080115
-3.071482
-4.007376
-4.842455
-5.562225
-6.164958
-6.653110
-7.029490
-7.295565
-7.450642
-7.491384
-7.411398
-7.200859
-6.846307
-6.331287
-5.639921
-4.769747
-3.771559
-2.850688
-2.497325
-3.251142
-5.004608
-7.168351
-9.336281
-11.362454
-13.220302
-14.921493
-16.486340
-17.934655
-19.283439
-20.546706
-21.735868
-22.860224
-23.927389
-24.943643
-25.914202
-26.843438
-27.735036
-28.592125
-29.417376
-30.213085
-30.981232
-31.723532
-32.441474
-33.136359
-33.809323
-34.461358
-35.093338
-35.706027
-36.300095
-36.876131
-37.434653
-37.976111
-38.500902
-39.009370
-39.501816
-39.978499
-40.439643
-40.885441
-41.316053
-41.731618
-42.132247
-42.518031
-42.889041
-43.245327
-43.586924
-43.913846
-44.226094
-44.523648
-44.806472
-45.074513
-45.327694
-45.565922
-45.789076
-45.997014
-46.189562
-46.366516
-46.527634
-46.672637
-46.801197
-46.912935
-47.007414
-47.084126
-47.142490
-47.181831
-47.201376
-47.200230
-47.177362
-47.131578
-47.061496
-46.965506
-46.841734
-46.687977
-46.501644
-46.279659
-46.018344
-45.713267
-45.359027
-44.948960
-44.474729
-43.925725
-43.288166
-42.543707
-41.667191
-40.622814
-39.357173
-37.785631
-35.762797
-33.010605
-28.931668
-22.916659
-24.990787
-30.806373
-34.634428
-37.361558
-39.452579
-41.127866
-42.504010
-43.647588
-44.597808
-45.376947
-45.995293
-46.453141
-46.740746
-46.836188
-46.700169
-46.264932
-45.409680
-43.899544
-41.206348
-35.999659
-34.731824
-43.171072
-48.744083
-52.871382
-56.253264
-59.189307
-61.832177
-64.270098
-66.558851
-68.736148
-70.828847
-72.856879
-74.835526
-76.776805
-78.690341
-80.583925
-82.463877
-84.335288
-86.202187
-88.067678
-89.934071
-91.803047
-93.675827
-95.553272
-97.435609
-99.321063
-101.201840
-103.054492
-104.820421
-106.376817
-107.524630
-108.063348
-107.952990
-107.361495
-106.520745
-105.600771
-104.693159
-103.838665
-103.052072
-102.336358
-101.689675
-101.108616
-100.589753
-100.130434
-99.729340
-99.387117
-99.107404
-98.898804
-98.779138
-98.785631
-99.003553
-99.668631
-101.733695
-126.434718
-90.657214
-91.994646
-93.145104
-93.647262
-93.874972
-93.951648
