-0.009210
-0.009169
-0.009128
-0.009085
-0.009040
-0.008995
-0.008948
-0.008900
-0.008851
-0.008800
-0.008748
-0.008694
-0.008639
-0.008582
-0.008524
-0.008464
-0.008403
-0.008340
-0.008275
-0.008208
-0.008139
-0.008069
-0.007996
-0.007922
-0.007845
-0.007766
-0.007686
-0.007602
-0.007517
-0.007429
-0.007339
-0.007246
-0.007151
-0.007053
-0.006952
-0.006849
-0.006742
-0.006633
-0.006520
-0.006405
-0.006286
-0.006164
-0.006039
-0.005910
-0.005777
-0.005641
-0.005501
-0.005357
-0.005210
-0.005058
-0.004901
-0.004741
-0.004576
-0.004406
-0.004232
-0.004053
-0.003869
-0.003680
-0.003485
-0.003285
-0.003080
-0.002869
-0.002652
-0.002429
-0.002200
-0.001964
-0.001722
-0.001473
-0.001217
-0.000954
-0.000684
-0.000406
-0.000121
0.000173
0.000474
0.000784
0.001103
0.001430
0.001767
0.002112
0.002468
0.002833
0.003209
0.003595
0.003991
0.004399
0.004818
0.005249
0.005691
0.006146
0.006614
0.007095
0.007589
0.008096
0.008618
0.009154
0.009706
0.010272
0.010854
0.011453
0.012068
0.012700
0.013350
0.014018
0.014705
0.015410
0.016135
0.016881
0.017647
0.018434
0.019243
0.020075
0.020930
0.021809
0.022712
0.023640
0.024594
0.025575
0.026583
0.027619
0.028683
0.029778
0.030903
0.032059
0.033247
0.034468
0.035723
0.037014
0.038340
0.039703
0.041104
0.042544
0.044023
0.045545
0.047108
0.048715
0.050367
0.052064
0.053809
0.055603
0.057446
0.059341
0.061289
0.063290
0.065348
0.067462
0.069636
0.071870
0.074166
0.076527
0.078953
0.081446
0.084009
0.086644
0.089352
0.092135
0.094996
0.097936
0.100959
0.104066
0.107259
0.110541
0.113915
0.117383
0.120947
0.124611
0.128377
0.132248
0.136227
0.140318
0.144522
0.148843
0.153285
0.157851
0.162545
0.167369
0.172328
0.177426
0.182666
0.188052
0.193589
0.199281
0.205131
0.211145
0.217327
0.223682
0.230215
0.236930
0.243833
0.250929
0.258224
0.265723
0.273432
0.281357
0.289503
0.297878
0.306488
0.315339
0.324438
0.333792
0.343408
0.353294
0.363458
0.373907
0.384649
0.395694
0.407048
0.418722
0.430724
0.443063
0.455750
0.468794
0.482205
0.495994
0.510172
0.524749
0.539738
0.555149
0.570996
0.587291
0.604046
0.621275
0.638992
0.657210
0.675945
0.695211
0.715023
0.735397
0.756350
0.777899
0.800061
0.822854
0.846297
0.870407
0.895206
0.920714
0.946950
0.973938
1.001698
1.030255
1.059632
1.089852
1.120943
1.152929
1.185837
1.219696
1.254534
1.290381
1.327268
1.365225
1.404287
1.444488
1.485861
1.528444
1.572274
1.617391
1.663834
1.711645
1.760868
1.811548
1.863731
1.917466
1.972802
2.029792
2.088489
2.148951
2.211235
2.275403
2.341516
2.409642
2.479848
2.552206
2.626791
2.703679
2.782953
2.864697
2.948998
3.035951
3.125651
3.218201
3.313706
3.412279
3.514036
3.619100
3.727602
3.839678
3.955472
4.075135
4.198828
4.326721
4.458994
4.595836
4.737451
4.884053
5.035871
5.193149
5.356149
5.525149
5.700450
5.882371
6.071259
6.267486
6.471456
6.683606
6.904408
7.134379
7.374083
7.624137
7.885218
8.158074
8.443530
8.742505
9.056022
9.385228
9.731412
10.096036
10.480759
10.887486
11.318409
11.776078
12.263477
12.784138
13.342278
13.942997
14.592542
15.298687
16.071276
16.923040
17.870856
18.937779
20.156500
21.575613
23.271978
25.378018
28.152509
32.216752
39.795694
44.215860
34.076611
29.378094
26.357943
24.142076
22.399758
20.970727
19.765307
18.728352
17.823626
17.026123
16.317948
15.685933
15.120192
14.613198
14.159184
13.753727
13.393476
13.075954
12.799428
12.562822
12.365668
12.208082
12.090774
12.015084
11.983049
11.997517
12.062303
12.182424
12.364443
12.616962
12.951373
13.383014
13.933021
14.631467
15.522978
16.677667
18.214815
20.362693
23.650759
29.882884
41.697517
26.348220
20.538184
16.806503
13.995501
11.708608
9.762653
8.058297
6.536015
5.157721
3.897971
2.739323
1.669700
0.680793
-0.232967
-1.075094
-1.847550
-2.551127
-3.185754
-3.750764
-4.245112
-4.667555
-5.016780
-5.291460
-5.490238
-5.611618
-5.653755
-5.614133
-5.489122
-5.273363
-4.958924
-4.534073
-3.981410
-3.274813
-2.374057
-1.214494
0.315041
2.427261
5.609484
11.466500
30.190830
9.494575
3.319183
-0.551878
-3.452084
-5.815707
-7.839071
-9.627288
-11.242594
-12.724097
-14.097028
-15.377500
-16.575122
-17.694554
-18.736544
-19.698809
-20.576960
-21.365640
-22.059881
-22.656564
-23.155732
-23.561463
-23.882132
-24.130095
-24.321124
-24.474031
-24.611068
-24.759894
-24.958626
-25.267930
-25.802549
-26.831227
-29.231372
-40.294778
-22.469929
4.435473
-12.291965
-14.962215
-15.972705
-16.384020
-16.495710
-16.425067
-16.225583
-15.922849
-15.527950
-15.043032
-14.463531
-13.778650
-12.970504
-12.011772
-10.860950
-9.452912
-7.678701
-5.336021
-1.978323
3.775140
28.496009
4.608383
-1.521311
-4.918292
-7.126376
-8.570681
-9.365597
-9.439433
-8.452650
-5.226098
11.035951
-7.366195
-16.181066
-22.043662
-26.730968
-30.722967
-34.180604
-37.148815
-39.643906
-41.705241
-43.408267
-44.842700
-46.082879
-47.171209
-48.116431
-48.901567
-49.498654
-49.887466
-50.071038
-50.079347
-49.960069
-49.764537
-49.537467
-49.313003
-49.115184
-48.960168
-48.858585
-48.817334
