0.093759
0.096758
0.099841
0.103009
0.106265
0.109610
0.113049
0.116582
0.120213
0.123944
0.127779
0.131719
0.135769
0.139930
0.144206
0.148600
0.153116
0.157756
0.162524
0.167423
0.172458
0.177632
0.182948
0.188410
0.194023
0.199791
0.205717
0.211807
0.218064
0.224492
0.231098
0.237885
0.244858
0.252023
0.259384
0.266947
0.274717
0.282700
0.290902
0.299328
0.307984
0.316876
0.326011
0.335396
0.345036
0.354938
0.365110
0.375559
0.386291
0.397314
0.408636
0.420264
0.432207
0.444472
0.457068
0.470003
0.483285
0.496925
0.510929
0.525309
0.540072
0.555229
0.570789
0.586762
0.603158
0.619987
0.637259
0.654986
0.673176
0.691842
0.710993
0.730642
0.750798
0.771473
0.792678
0.814424
0.836723
0.859585
0.883021
0.907043
0.931661
0.956887
0.982730
1.009200
1.036309
1.064065
1.092476
1.121553
1.151302
1.181732
1.212847
1.244654
1.277156
1.310358
1.344260
1.378862
1.414164
1.450162
1.486849
1.524217
1.562256
1.600952
1.640286
1.680240
1.720786
1.761895
1.803534
1.845661
1.888230
1.931189
1.974478
2.018028
2.061763
2.105598
2.149436
2.193170
2.236682
2.279839
2.322498
2.364498
2.405665
2.445807
2.484716
2.522167
2.557915
2.591696
2.623229
2.652211
2.678323
2.701225
2.720560
2.735956
2.747024
2.753366
2.754572
2.750228
2.739916
2.723223
2.699742
2.669078
2.630858
2.584728
2.530370
2.467498
2.395868
2.315283
2.225594
2.126708
2.018585
1.901242
1.774752
1.639243
1.494895
1.341938
1.180646
1.011333
0.834349
0.650073
0.458904
0.261261
0.057576
-0.151716
-0.366177
-0.585369
-0.808865
-1.036245
-1.267101
-1.501041
-1.737690
-1.976687
-2.217693
-2.460385
-2.704461
-2.949635
-3.195640
-3.442228
-3.689167
-3.936241
-4.183249
-4.430005
-4.676337
-4.922084
-5.167097
-5.411240
-5.654383
-5.896408
-6.137203
-6.376665
-6.614696
-6.851205
-7.086107
-7.319319
-7.550763
-7.780366
-8.008056
-8.233764
-8.457424
-8.678969
-8.898336
-9.115459
-9.330277
-9.542726
-9.752741
-9.960259
-10.165214
-10.367540
-10.567167
-10.764027
-10.958046
-11.149151
-11.337263
-11.522303
-11.704187
-11.882828
-12.058135
-12.230012
-12.398361
-12.563076
-12.724049
-12.881164
-13.034300
-13.183330
-13.328118
-13.468525
-13.604400
-13.735585
-13.861914
-13.983211
-14.099287
-14.209946
-14.314976
-14.414155
-14.507244
-14.593991
-14.674126
-14.747362
-14.813390
-14.871882
-14.922484
-14.964818
-14.998477
-15.023020
-15.037976
-15.042830
-15.037027
-15.019965
-14.990987
-14.949376
-14.894349
-14.825046
-14.740523
-14.639738
-14.521539
-14.384651
-14.227656
-14.048974
-13.846843
-13.619292
-13.364116
-13.078852
-12.760750
-12.406768
-12.013575
-11.577609
-11.095222
-10.563002
-9.978406
-9.341007
-8.654801
-7.932321
-7.201414
-6.514591
-5.956819
-5.638990
-5.660963
-6.055282
-6.764530
-7.679401
-8.693549
-9.730970
-10.746586
-11.717131
-12.632385
-13.489223
-14.288107
-15.031138
-15.721031
-16.360576
-16.952381
-17.498754
-18.001660
-18.462718
-18.883214
-19.264123
-19.606139
-19.909703
-20.175033
-20.402161
-20.590980
-20.741296
-20.852914
-20.925744
-20.959967
-20.956271
-20.916199
-20.842640
-20.740526
-20.617760
-20.486348
-20.363584
-20.272827
-20.243050
-20.306099
-20.491084
-20.817005
-21.286841
-21.886509
-22.589375
-23.363550
-24.178344
-25.008001
-25.832818
-26.638673
-27.415898
-28.158080
-28.861042
-29.522047
-30.139222
-30.711153
-31.236602
-31.714337
-32.143031
-32.521253
-32.847554
-33.120683
-33.339995
-33.506129
-33.622073
-33.694726
-33.736982
-33.770072
-33.825295
-33.943263
-34.168284
-34.537158
-35.066408
-35.745975
-36.544178
-37.420108
-38.335357
-39.260379
-40.175753
-41.070695
-41.940775
-42.785836
-43.608429
-44.412748
-45.203967
-45.987869
-46.770673
-47.559006
-48.359990
-49.181425
-50.032079
-50.922116
-51.863721
-52.872034
-53.966601
-55.173728
-56.530542
-58.092504
-59.948673
-62.256930
-65.342024
-70.070568
-80.938106
-77.617527
-69.101048
-64.912281
-62.114789
-60.012635
-58.328210
-56.922394
-55.715492
-54.657603
-53.715416
-52.865605
-52.091201
-51.379487
-50.720686
-50.107126
-49.532680
-48.992375
-48.482127
-47.998537
-47.538749
-47.100343
-46.681247
-46.279676
-45.894084
-45.523120
-45.165597
-44.820470
-44.486811
-44.163793
-43.850677
-43.546800
-43.251565
-42.964430
-42.684905
-42.412545
-42.146943
-41.887727
-41.634556
-41.387117
-41.145121
-40.908302
-40.676413
-40.449228
-40.226533
-40.008133
-39.793844
-39.583496
-39.376928
-39.173993
-38.974549
-38.778467
-38.585624
-38.395904
-38.209198
-38.025406
-37.844429
-37.666179
-37.490567
-37.317515
-37.146944
-36.978781
-36.812959
-36.649411
-36.488075
-36.328891
-36.171803
-36.016756
-35.863699
-35.712582
-35.563356
-35.415975
-35.270394
-35.126569
-34.984457
-34.844015
-34.705201
-34.567974
-34.432289
-34.298105
-34.165377
-34.034058
-33.904099
-33.775450
-33.648053
-33.521849
-33.396771
-33.272744
-33.149685
-33.027498
-32.906072
-32.785281
-32.664975
-32.544977
-32.425076
-32.305019
-32.184496
-32.063132
-31.940459
-31.815896
-31.688712
-31.557973
-31.422480
-31.280671
-31.130483
-30.969155
-30.792935
-30.596638
-30.372972
-30.111482
-29.796878
-29.406348
-28.905215
-28.240027
-27.328273
-26.046867
-24.241133
-21.893806
-20.011178
-20.795418
-23.099943
-25.079420
-26.471680
-27.416920
-28.060314
-28.503921
-28.814398
-29.034763
-29.192998
-29.307586
-29.390942
-29.451535
-29.495200
-29.525966
-29.546561
-29.558732
-29.563413
