-11.709250
-11.699453
-11.689375
-11.679007
-11.668340
-11.657366
-11.646075
-11.634459
-11.622506
-11.610207
-11.597552
-11.584530
-11.571129
-11.557339
-11.543146
-11.528540
-11.513508
-11.498036
-11.482110
-11.465718
-11.448844
-11.431474
-11.413591
-11.395181
-11.376227
-11.356710
-11.336615
-11.315923
-11.294613
-11.272668
-11.250067
-11.226788
-11.202810
-11.178110
-11.152665
-11.126450
-11.099440
-11.071610
-11.042931
-11.013376
-10.982916
-10.951520
-10.919157
-10.885793
-10.851396
-10.815928
-10.779355
-10.741636
-10.702733
-10.662604
-10.621205
-10.578491
-10.534416
-10.488930
-10.441983
-10.393520
-10.343487
-10.291824
-10.238472
-10.183366
-10.126440
-10.067625
-10.006847
-9.944030
-9.879095
-9.811958
-9.742529
-9.670718
-9.596427
-9.519554
-9.439992
-9.357629
-9.272345
-9.184016
-9.092511
-8.997689
-8.899406
-8.797507
-8.691828
-8.582197
-8.468433
-8.350343
-8.227723
-8.100360
-7.968024
-7.830476
-7.687462
-7.538712
-7.383943
-7.222856
-7.055135
-6.880450
-6.698452
-6.508779
-6.311055
-6.104890
-5.889886
-5.665643
-5.431761
-5.187856
-4.933569
-4.668590
-4.392683
-4.105721
-3.807740
-3.499004
-3.180094
-2.852027
-2.516407
-2.175617
-1.833052
-1.493386
-1.162849
-0.849472
-0.563201
-0.315762
-0.120131
0.010505
0.064274
0.032382
-0.089341
-0.299643
-0.592090
-0.956254
-1.379427
-1.848321
-2.350393
-2.874643
-3.411956
-3.955098
-4.498539
-5.038178
-5.571070
-6.095174
-6.609133
-7.112104
-7.603625
-8.083504
-8.551745
-9.008489
-9.453966
-9.888468
-10.312323
-10.725877
-11.129486
-11.523500
-11.908264
-12.284110
-12.651354
-13.010298
-13.361223
-13.704394
-14.040058
-14.368441
-14.689755
-15.004189
-15.311921
-15.613108
-15.907893
-16.196401
-16.478744
-16.755019
-17.025307
-17.289675
-17.548177
-17.800852
-18.047726
-18.288810
-18.524103
-18.753588
-18.977236
-19.195001
-19.406823
-19.612629
-19.812328
-20.005811
-20.192955
-20.373615
-20.547630
-20.714815
-20.874964
-21.027847
-21.173208
-21.310762
-21.440193
-21.561150
-21.673246
-21.776051
-21.869087
-21.951826
-22.023679
-22.083992
-22.132034
-22.166988
-22.187936
-22.193845
-22.183547
-22.155718
-22.108845
-22.041196
-21.950768
-21.835240
-21.691890
-21.517509
-21.308272
-21.059570
-20.765783
-20.419960
-20.013362
-19.534788
-18.969554
-18.297880
-17.492209
-16.512518
-15.297435
-13.745748
-11.672353
-8.680199
-3.642372
7.814979
-2.306704
-8.917281
-12.885776
-15.768498
-18.060383
-19.980174
-21.643608
-23.119285
-24.451185
-25.669170
-26.794428
-27.842520
-28.825203
-29.751562
-30.628754
-31.462513
-32.257490
-33.017509
-33.745742
-34.444845
-35.117060
-35.764291
-36.388164
-36.990075
-37.571229
-38.132667
-38.675293
-39.199891
-39.707145
-40.197649
-40.671920
-41.130407
-41.573496
-42.001520
-42.414759
-42.813450
-43.197785
-43.567915
-43.923954
-44.265975
-44.594015
-44.908072
-45.208103
-45.494028
-45.765720
-46.023010
-46.265676
-46.493445
-46.705982
-46.902887
-47.083687
-47.247823
-47.394643
-47.523385
-47.633163
-47.722944
-47.791524
-47.837498
-47.859221
-47.854759
-47.821831
-47.757724
-47.659194
-47.522330
-47.342367
-47.113434
-46.828200
-46.477366
-46.048909
-45.526939
-44.889867
-44.107383
-43.135127
-41.904682
-40.303136
-38.127276
-34.976108
-30.208346
-28.249364
-34.058925
-38.647275
-41.972738
-44.578003
-46.735916
-48.591487
-50.229319
-51.702616
-53.046808
-54.286535
-55.439511
-56.518787
-57.534131
-58.492919
-59.400711
-60.261630
-61.078617
-61.853590
-62.587536
-63.280545
-63.931795
-64.539488
-65.100736
-65.611377
-66.065725
-66.456222
-66.772961
-67.003054
-67.129790
-67.131562
-66.980617
-66.642102
-66.075400
-65.245614
-64.174311
-63.114287
-62.852243
-64.185930
-66.591956
-69.149406
-71.482949
-73.531483
-75.321668
-76.894827
-78.288937
-79.535327
-80.658923
-81.679161
-82.610845
-83.464819
-84.248429
-84.965768
-85.617733
-86.201880
-86.712118
-87.138387
-87.466727
-87.680943
-87.768908
-87.740346
-87.666741
-87.737598
-88.240766
-89.330269
-90.830659
-92.434206
-93.943481
-95.292600
-96.484489
-97.545166
-98.503208
-99.382900
-100.203001
-100.977389
-101.716117
-102.426380
-103.113273
-103.780359
-104.430070
-105.064005
-105.683139
-106.287975
-106.878666
-107.455100
-108.016979
-108.563875
-109.095289
-109.610697
-110.109595
-110.591538
-111.056176
-111.503281
-111.932772
-112.344731
-112.739408
-113.117224
-113.478760
-113.824748
-114.156046
-114.473621
-114.778521
-115.071849
-115.354742
-115.628345
-115.893793
-116.152194
-116.404618
-116.652083
-116.895550
-117.135921
-117.374034
-117.610664
-117.846525
-118.082274
-118.318510
-118.555783
-118.794597
-119.035412
-119.278652
-119.524709
-119.773944
-120.026695
-120.283281
-120.544003
-120.809150
-121.079002
-121.353834
-121.633916
-121.919521
-122.210924
-122.508408
-122.812265
-123.122800
-123.440334
-123.765208
-124.097788
-124.438463
-124.787660
-125.145837
-125.513499
-125.891198
-126.279541
-126.679201
-127.090927
-127.515552
-127.954010
-128.407354
-128.876773
-129.363619
-129.869437
-130.396004
-130.945375
-131.519947
-132.122536
-132.756480
-133.425774
-134.135257
-134.890865
-135.699984
-136.571969
-137.518906
-138.556788
-139.707404
-141.001521
-142.484613
-144.228032
-146.353338
-149.094282
-152.999320
-160.009971
-173.524646
-157.137375
-151.901644
-148.726580
-146.458425
-144.703224
-143.278402
-142.084219
-141.060148
-140.166651
-139.376432
-138.669813
-138.032089
-137.451930
-136.920348
-136.430016
-135.974781
-135.549300
-135.148752
-134.768581
-134.404247
-134.050962
-133.703392
-133.355321
-132.999331
-132.626703
-132.228151
-131.796929
-131.337377
-130.882043
-130.509553
-130.325411
-130.376505
-130.593118
-130.856799
-131.088799
-131.263687
-131.384900
-131.464626
-131.514895
-131.544978
-131.561150
-131.567015
