-12.055993
-12.055949
-12.055903
-12.055856
-12.055807
-12.055757
-12.055706
-12.055653
-12.055599
-12.055544
-12.055487
-12.055428
-12.055368
-12.055306
-12.055242
-12.055176
-12.055109
-12.055040
-12.054969
-12.054895
-12.054820
-12.054743
-12.054664
-12.054582
-12.054498
-12.054412
-12.054323
-12.054232
-12.054139
-12.054043
-12.053944
-12.053842
-12.053738
-12.053631
-12.053520
-12.053407
-12.053290
-12.053171
-12.053048
-12.052921
-12.052791
-12.052657
-12.052520
-12.052379
-12.052234
-12.052085
-12.051931
-12.051774
-12.051612
-12.051446
-12.051275
-12.051099
-12.050918
-12.050733
-12.050542
-12.050346
-12.050144
-12.049937
-12.049724
-12.049505
-12.049280
-12.049049
-12.048811
-12.048567
-12.048316
-12.048058
-12.047793
-12.047520
-12.047240
-12.046952
-12.046657
-12.046353
-12.046040
-12.045719
-12.045389
-12.045049
-12.044701
-12.044342
-12.043974
-12.043595
-12.043206
-12.042806
-12.042395
-12.041972
-12.041538
-12.041092
-12.040633
-12.040162
-12.039677
-12.039179
-12.038667
-12.038141
-12.037600
-12.037045
-12.036474
-12.035887
-12.035283
-12.034663
-12.034026
-12.033371
-12.032698
-12.032006
-12.031294
-12.030563
-12.029812
-12.029040
-12.028247
-12.027431
-12.026593
-12.025731
-12.024846
-12.023936
-12.023000
-12.022039
-12.021051
-12.020035
-12.018992
-12.017919
-12.016816
-12.015683
-12.014519
-12.013322
-12.012091
-12.010827
-12.009528
-12.008192
-12.006819
-12.005408
-12.003958
-12.002468
-12.000936
-11.999362
-11.997744
-11.996081
-11.994372
-11.992616
-11.990810
-11.988955
-11.987048
-11.985088
-11.983073
-11.981003
-11.978875
-11.976688
-11.974441
-11.972131
-11.969756
-11.967316
-11.964808
-11.962231
-11.959582
-11.956859
-11.954061
-11.951185
-11.948229
-11.945191
-11.942069
-11.938860
-11.935562
-11.932173
-11.928689
-11.925109
-11.921429
-11.917647
-11.913761
-11.909766
-11.905661
-11.901441
-11.897105
-11.892648
-11.888068
-11.883360
-11.878522
-11.873549
-11.868439
-11.863187
-11.857789
-11.852241
-11.846540
-11.840680
-11.834658
-11.828469
-11.822108
-11.815571
-11.808853
-11.801948
-11.794852
-11.787559
-11.780064
-11.772362
-11.764445
-11.756310
-11.747949
-11.739356
-11.730525
-11.721449
-11.712122
-11.702537
-11.692686
-11.682563
-11.672159
-11.661466
-11.650478
-11.639186
-11.627581
-11.615655
-11.603399
-11.590804
-11.577860
-11.564558
-11.550888
-11.536840
-11.522404
-11.507568
-11.492323
-11.476656
-11.460556
-11.444011
-11.427009
-11.409538
-11.391584
-11.373134
-11.354175
-11.334693
-11.314673
-11.294101
-11.272961
-11.251239
-11.228917
-11.205981
-11.182412
-11.158194
-11.133309
-11.107739
-11.081466
-11.054469
-11.026730
-10.998228
-10.968942
-10.938852
-10.907936
-10.876170
-10.843532
-10.810000
-10.775547
-10.740150
-10.703784
-10.666421
-10.628035
-10.588600
-10.548086
-10.506465
-10.463707
-10.419782
-10.374659
-10.328306
-10.280690
-10.231777
-10.181534
-10.129925
-10.076915
-10.022465
-9.966540
-9.909099
-9.850103
-9.789513
-9.727285
-9.663379
-9.597749
-9.530353
-9.461144
-9.390077
-9.317103
-9.242174
-9.165240
-9.086251
-9.005155
-8.921900
-8.836429
-8.748690
-8.658625
-8.566176
-8.471286
-8.373893
-8.273937
-8.171354
-8.066081
-7.958052
-7.847201
-7.733457
-7.616752
-7.497012
-7.374164
-7.248131
-7.118835
-6.986194
-6.850123
-6.710535
-6.567339
-6.420438
-6.269731
-6.115111
-5.956465
-5.793672
-5.626599
-5.455106
-5.279038
-5.098225
-4.912482
-4.721601
-4.525349
-4.323467
-4.115660
-3.901594
-3.680890
-3.453111
-3.217756
-2.974249
-2.721919
-2.459990
-2.187559
-1.903567
-1.606776
-1.295729
-0.968703
-0.623659
-0.258162
0.130704
0.546461
0.993390
1.476752
2.003080
2.580596
3.219814
3.934443
4.742767
5.669875
6.751383
8.040022
9.617941
11.620795
14.282282
17.934056
21.538246
19.138612
14.676003
11.221378
8.548336
6.374892
4.535733
2.932992
1.505335
0.212211
-0.974414
-2.074626
-3.103253
-4.071501
-4.988007
-5.859536
-6.691447
-7.488030
-8.252737
-8.988353
-9.697122
-10.380836
-11.040906
-11.678410
-12.294126
-12.888560
-13.461955
-14.014298
-14.545313
-15.054450
-15.540860
-16.003364
-16.440401
-16.849969
-17.229535
-17.575925
-17.885165
-18.152282
-18.371008
-18.533388
-18.629203
-18.645122
-18.563413
-18.359913
-18.000669
-17.436129
-16.590584
-15.342276
-13.488888
-10.750914
-7.771730
-9.677779
-14.543394
-18.619648
-21.891650
-24.625205
-26.989554
-29.087294
-30.984122
-32.725035
-34.343003
-35.863803
-37.308877
-38.697112
-40.046075
-41.372978
-42.695609
-44.033406
-45.408926
-46.850092
-48.393928
-50.093349
-52.030684
-54.348170
-57.329958
-61.696326
-70.591106
-72.690123
-62.248637
-57.458790
-54.167420
-51.518131
-49.160103
-46.885703
-44.522458
-41.869260
-38.609427
-34.116577
-27.757948
-29.538592
-35.092764
-38.675097
-41.157779
-42.993929
-44.396040
-45.477707
-46.308161
-46.935151
-47.395163
-47.717986
-47.928655
-48.048265
-48.094374
-48.081334
-48.020637
-47.921289
-47.790192
-47.632489
-47.451876
-47.250847
-47.030901
-46.792688
-46.536115
-46.260407
-45.964134
-45.645193
-45.300750
-44.927137
-44.519682
-44.072456
-43.577900
-43.026272
-42.404799
-41.696363
-40.877356
-39.914020
-38.755749
-37.321824
-35.471921
-32.929377
-29.028357
-21.638688
-21.487041
-29.809277
-34.483136
-37.747149
-40.296703
-42.415643
-44.244322
-45.859282
-47.302646
-48.593796
-49.732879
-50.698926
-51.442532
-51.870977
-51.820136
-50.994779
-48.791605
-43.440719
-36.500175
-48.351890
-54.020126
-57.672157
-60.359722
-62.453317
-64.104197
-65.375255
-66.300309
-66.916781
-67.277607
-67.446336
-67.485539
-67.447984
-67.373588
-67.290440
-67.217380
-67.166565
-67.145355
