-0.040728
-0.041464
-0.042220
-0.042998
-0.043797
-0.044618
-0.045462
-0.046329
-0.047220
-0.048136
-0.049078
-0.050045
-0.051039
-0.052061
-0.053111
-0.054190
-0.055299
-0.056439
-0.057610
-0.058814
-0.060051
-0.061322
-0.062628
-0.063971
-0.065350
-0.066768
-0.068225
-0.069722
-0.071261
-0.072842
-0.074467
-0.076137
-0.077852
-0.079616
-0.081428
-0.083290
-0.085203
-0.087169
-0.089189
-0.091266
-0.093399
-0.095591
-0.097844
-0.100159
-0.102537
-0.104981
-0.107493
-0.110073
-0.112725
-0.115449
-0.118249
-0.121125
-0.124081
-0.127117
-0.130238
-0.133444
-0.136738
-0.140122
-0.143599
-0.147172
-0.150843
-0.154614
-0.158488
-0.162469
-0.166559
-0.170760
-0.175076
-0.179511
-0.184066
-0.188746
-0.193554
-0.198493
-0.203566
-0.208778
-0.214132
-0.219631
-0.225280
-0.231083
-0.237043
-0.243165
-0.249453
-0.255911
-0.262544
-0.269357
-0.276354
-0.283540
-0.290920
-0.298499
-0.306282
-0.314275
-0.322482
-0.330911
-0.339565
-0.348451
-0.357575
-0.366944
-0.376562
-0.386437
-0.396575
-0.406983
-0.417668
-0.428636
-0.439894
-0.451450
-0.463312
-0.475486
-0.487981
-0.500804
-0.513964
-0.527468
-0.541324
-0.555543
-0.570131
-0.585098
-0.600452
-0.616204
-0.632362
-0.648935
-0.665933
-0.683367
-0.701245
-0.719578
-0.738377
-0.757651
-0.777410
-0.797667
-0.818430
-0.839712
-0.861523
-0.883874
-0.906776
-0.930241
-0.954281
-0.978906
-1.004128
-1.029959
-1.056411
-1.083494
-1.111222
-1.139605
-1.168656
-1.198385
-1.228805
-1.259928
-1.291765
-1.324326
-1.357625
-1.391671
-1.426476
-1.462051
-1.498406
-1.535552
-1.573499
-1.612257
-1.651835
-1.692242
-1.733488
-1.775580
-1.818527
-1.862336
-1.907014
-1.952566
-1.999000
-2.046320
-2.094530
-2.143634
-2.193636
-2.244536
-2.296338
-2.349040
-2.402643
-2.457146
-2.512545
-2.568837
-2.626019
-2.684084
-2.743025
-2.802836
-2.863506
-2.925025
-2.987383
-3.050566
-3.114560
-3.179350
-3.244919
-3.311251
-3.378325
-3.446121
-3.514619
-3.583795
-3.653626
-3.724088
-3.795155
-3.866801
-3.938999
-4.011723
-4.084944
-4.158635
-4.232768
-4.307318
-4.382259
-4.457565
-4.533215
-4.609189
-4.685468
-4.762040
-4.838896
-4.916033
-4.993453
-5.071169
-5.149200
-5.227577
-5.306344
-5.385560
-5.465300
-5.545659
-5.626752
-5.708723
-5.791743
-5.876015
-5.961780
-6.049319
-6.138961
-6.231082
-6.326117
-6.424561
-6.526975
-6.633987
-6.746301
-6.864696
-6.990027
-7.123223
-7.265286
-7.417277
-7.580315
-7.755551
-7.944157
-8.147297
-8.366102
-8.601641
-8.854885
-9.126679
-9.417709
-9.728480
-10.059293
-10.410235
-10.781174
-11.171764
-11.581460
-12.009539
-12.455127
-12.917226
-13.394752
-13.886561
-14.391482
-14.908346
-15.436001
-15.973340
-16.519311
-17.072925
-17.633268
-18.199500
-18.770862
-19.346666
-19.926300
-20.509224
-21.094960
-21.683094
-22.273266
-22.865168
-23.458538
-24.053156
-24.648840
-25.245439
-25.842835
-26.440935
-27.039668
-27.638986
-28.238857
-28.839268
-29.440216
-30.041715
-30.643788
-31.246467
-31.849793
-32.453817
-33.058592
-33.664182
-34.270653
-34.878076
-35.486529
-36.096091
-36.706846
-37.318881
-37.932285
-38.547151
-39.163575
-39.781653
-40.401486
-41.023176
-41.646828
-42.272548
-42.900444
-43.530626
-44.163209
-44.798304
-45.436030
-46.076505
-46.719847
-47.366179
-48.015624
-48.668307
-49.324355
-49.983896
-50.647058
-51.313972
-51.984767
-52.659576
-53.338528
-54.021754
-54.709382
-55.401539
-56.098349
-56.799931
-57.506400
-58.217861
-58.934412
-59.656141
-60.383118
-61.115399
-61.853018
-62.595981
-63.344265
-64.097809
-64.856509
-65.620204
-66.388675
-67.161623
-67.938668
-68.719325
-69.502993
-70.288939
-71.076274
-71.863941
-72.650695
-73.435083
-74.215437
-74.989866
-75.756254
-76.512279
-77.255438
-77.983095
-78.692540
-79.381079
-80.046123
-80.685298
-81.296547
-81.878224
-82.429166
-82.948731
-83.436804
-83.893756
-84.320388
-84.717831
-85.087454
-85.430755
-85.749276
-86.044525
-86.317924
-86.570772
-86.804238
-87.019362
-87.217075
-87.398224
-87.563603
-87.713982
-87.850143
-87.972897
-88.083109
-88.181704
-88.269674
-88.348073
-88.418017
-88.480661
-88.537195
-88.588825
-88.636754
-88.682175
-88.726254
-88.770123
-88.814868
-88.861531
-88.911100
-88.964515
-89.022665
-89.086394
-89.156504
-89.233760
-89.318900
-89.412635
-89.515666
-89.628684
-89.752384
-89.887471
-90.034674
-90.194752
-90.368512
-90.556816
-90.760601
-90.980895
-91.218836
-91.475697
-91.752916
-92.052127
-92.375210
-92.724336
-93.102047
-93.511333
-93.955759
-94.439612
-94.968115
-95.547722
-96.186526
-96.894870
-97.686256
-98.578772
-99.597427
-100.778186
-102.175461
-103.877350
-106.040815
-108.989599
-113.588622
-124.321643
-120.924982
-112.293907
-108.003784
-105.111877
-102.921104
-101.153278
-99.668861
-98.387807
-97.259897
-96.251533
-95.339113
-94.505413
-93.737464
-93.025250
-92.360860
-91.737931
-91.151255
-90.596505
-90.070035
-89.568730
-89.089893
-88.631159
-88.190422
-87.765778
-87.355479
-86.957887
-86.571435
-86.194589
-85.825805
-85.463488
-85.105938
-84.751285
-84.397407
-84.041823
-83.681538
-83.312838
-82.930976
-82.529718
-82.100637
-81.632002
-81.106950
-80.500381
-79.773424
-78.863069
-77.661656
-75.974314
-73.436789
-69.603632
-67.942825
-72.662417
-76.451522
-78.611646
-79.669843
-80.012530
-79.866842
-79.333126
-78.417121
-77.047751
-75.076969
-72.264951
-68.368532
-64.851882
-66.657232
-69.935132
-72.251487
-73.749959
-74.588810
-74.636105
-73.144376
-67.851176
-56.639432
-67.451814
-71.164898
-72.870997
-73.790603
-74.313453
-74.594375
-74.697539
