-0.008285
-0.008133
-0.007977
-0.007817
-0.007652
-0.007483
-0.007309
-0.007130
-0.006946
-0.006757
-0.006562
-0.006363
-0.006157
-0.005947
-0.005730
-0.005507
-0.005278
-0.005043
-0.004801
-0.004552
-0.004297
-0.004034
-0.003764
-0.003487
-0.003202
-0.002909
-0.002608
-0.002299
-0.001981
-0.001654
-0.001318
-0.000973
-0.000618
-0.000253
0.000122
0.000507
0.000903
0.001309
0.001727
0.002157
0.002599
0.003053
0.003519
0.003998
0.004491
0.004997
0.005518
0.006052
0.006602
0.007167
0.007747
0.008344
0.008957
0.009587
0.010234
0.010900
0.011584
0.012286
0.013009
0.013751
0.014514
0.015297
0.016103
0.016931
0.017782
0.018656
0.019554
0.020478
0.021427
0.022402
0.023404
0.024433
0.025492
0.026579
0.027696
0.028845
0.030025
0.031237
0.032483
0.033764
0.035079
0.036431
0.037820
0.039248
0.040715
0.042222
0.043771
0.045362
0.046998
0.048678
0.050404
0.052178
0.054001
0.055873
0.057797
0.059774
0.061805
0.063892
0.066036
0.068239
0.070502
0.072827
0.075215
0.077669
0.080190
0.082779
0.085440
0.088173
0.090980
0.093864
0.096826
0.099868
0.102993
0.106203
0.109500
0.112887
0.116364
0.119936
0.123604
0.127371
0.131239
0.135212
0.139291
0.143479
0.147780
0.152195
0.156728
0.161382
0.166159
0.171063
0.176098
0.181265
0.186568
0.192010
0.197596
0.203327
0.209208
0.215241
0.221432
0.227782
0.234295
0.240975
0.247826
0.254852
0.262055
0.269440
0.277009
0.284768
0.292719
0.300866
0.309213
0.317762
0.326518
0.335484
0.344663
0.354057
0.363671
0.373507
0.383567
0.393854
0.404370
0.415117
0.426096
0.437309
0.448757
0.460439
0.472356
0.484506
0.496889
0.509503
0.522344
0.535409
0.548694
0.562193
0.575899
0.589804
0.603899
0.618174
0.632615
0.647210
0.661941
0.676790
0.691738
0.706762
0.721835
0.736929
0.752014
0.767053
0.782009
0.796839
0.811496
0.825930
0.840085
0.853900
0.867309
0.880240
0.892617
0.904355
0.915365
0.925549
0.934805
0.943023
0.950085
0.955866
0.960237
0.963060
0.964189
0.963476
0.960765
0.955895
0.948704
0.939024
0.926689
0.911529
0.893380
0.872080
0.847471
0.819406
0.787747
0.752368
0.713159
0.670028
0.622903
0.571733
0.516495
0.457188
0.393843
0.326518
0.255302
0.180312
0.101697
0.019636
-0.065668
-0.153982
-0.245050
-0.338597
-0.434328
-0.531931
-0.631086
-0.731462
-0.832726
-0.934542
-1.036578
-1.138507
-1.240011
-1.340783
-1.440532
-1.538982
-1.635874
-1.730970
-1.824052
-1.914921
-2.003404
-2.089344
-2.172609
-2.253087
-2.330684
-2.405327
-2.476960
-2.545546
-2.611061
-2.673496
-2.732856
-2.789157
-2.842423
-2.892691
-2.940003
-2.984409
-3.025962
-3.064721
-3.100748
-3.134109
-3.164867
-3.193091
-3.218848
-3.242203
-3.263223
-3.281973
-3.298517
-3.312914
-3.325227
-3.335513
-3.343828
-3.350229
-3.354768
-3.357499
-3.358475
-3.357750
-3.355379
-3.351420
-3.345934
-3.338989
-3.330660
-3.321031
-3.310201
-3.298282
-3.285410
-3.271741
-3.257462
-3.242795
-3.228003
-3.213396
-3.199338
-3.186252
-3.174630
-3.165033
-3.158093
-3.154514
-3.155060
-3.160544
-3.171807
-3.189682
-3.214954
-3.248315
-3.290306
-3.341263
-3.401265
-3.470103
-3.547256
-3.631903
-3.722952
-3.819099
-3.918901
-4.020862
-4.123519
-4.225510
-4.325641
-4.422921
-4.516583
-4.606085
-4.691097
-4.771478
-4.847246
-4.918552
-4.985644
-5.048844
-5.108522
-5.165077
-5.218922
-5.270472
-5.320135
-5.368306
-5.415364
-5.461667
-5.507556
-5.553351
-5.599353
-5.645845
-5.693094
-5.741350
-5.790850
-5.841819
-5.894469
-5.949003
-6.005615
-6.064491
-6.125810
-6.189745
-6.256461
-6.326120
-6.398879
-6.474890
-6.554300
-6.637254
-6.723890
-6.814344
-6.908749
-7.007230
-7.109911
-7.216910
-7.328341
-7.444311
-7.564921
-7.690268
-7.820438
-7.955510
-8.095554
-8.240626
-8.390771
-8.546016
-8.706370
-8.871818
-9.042320
-9.217800
-9.398148
-9.583207
-9.772769
-9.966565
-10.164264
-10.365460
-10.569673
-10.776348
-10.984858
-11.194517
-11.404598
-11.614359
-11.823082
-12.030108
-12.234890
-12.437027
-12.636310
-12.832739
-13.026532
-13.218122
-13.408124
-13.597297
-13.786502
-13.976652
-14.168667
-14.363443
-14.561832
-14.764625
-14.972556
-15.186315
-15.406561
-15.633944
-15.869132
-16.112833
-16.365812
-16.628902
-16.902994
-17.188996
-17.487755
-17.799915
-18.125696
-18.464601
-18.815075
-19.174199
-19.537555
-19.899438
-20.253524
-20.593912
-20.916260
-21.218576
-21.501389
-21.767275
-22.020028
-22.263796
-22.502439
-22.739164
-22.976403
-23.215851
-23.458565
-23.705091
-23.955565
-24.209793
-24.467284
-24.727251
-24.988557
-25.249594
-25.508066
-25.760623
-26.002242
-26.225293
-26.418465
-26.567698
-26.671027
-26.811173
-27.274991
-28.170018
-29.028616
-29.649595
-30.125817
-30.541101
-30.935023
-31.324521
-31.716994
-32.115871
-32.522880
-32.939010
-33.364930
-33.801186
-34.248295
-34.706793
-35.177259
-35.660340
-36.156755
-36.667311
-37.192913
-37.734577
-38.293447
-38.870808
-39.468111
-40.087001
-40.729345
-41.397275
-42.093238
-42.820060
-43.581024
-44.379978
-45.221475
-46.110950
-47.054977
-48.061615
-49.140903
-50.305588
-51.572229
-52.962939
-54.508282
-56.252377
-58.262636
-60.650368
-63.621221
-67.629682
-74.094320
-105.448904
-75.913215
-70.508675
-67.778445
-66.201613
-65.333452
-65.009539
