-0.017118
-0.017096
-0.017073
-0.017050
-0.017026
-0.017002
-0.016977
-0.016951
-0.016925
-0.016897
-0.016869
-0.016841
-0.016811
-0.016780
-0.016749
-0.016717
-0.016684
-0.016650
-0.016615
-0.016579
-0.016543
-0.016505
-0.016466
-0.016426
-0.016385
-0.016342
-0.016299
-0.016254
-0.016208
-0.016161
-0.016113
-0.016063
-0.016012
-0.015959
-0.015905
-0.015849
-0.015792
-0.015734
-0.015673
-0.015611
-0.015547
-0.015482
-0.015415
-0.015345
-0.015274
-0.015201
-0.015126
-0.015049
-0.014969
-0.014888
-0.014804
-0.014718
-0.014629
-0.014538
-0.014445
-0.014348
-0.014249
-0.014148
-0.014043
-0.013936
-0.013826
-0.013712
-0.013596
-0.013476
-0.013353
-0.013227
-0.013097
-0.012963
-0.012826
-0.012684
-0.012539
-0.012390
-0.012237
-0.012079
-0.011918
-0.011751
-0.011580
-0.011404
-0.011224
-0.011038
-0.010847
-0.010651
-0.010449
-0.010242
-0.010029
-0.009810
-0.009585
-0.009354
-0.009117
-0.008872
-0.008621
-0.008363
-0.008098
-0.007826
-0.007546
-0.007258
-0.006962
-0.006658
-0.006345
-0.006024
-0.005694
-0.005354
-0.005006
-0.004647
-0.004279
-0.003900
-0.003511
-0.003111
-0.002700
-0.002277
-0.001843
-0.001396
-0.000938
-0.000466
0.000019
0.000517
0.001029
0.001555
0.002096
0.002651
0.003223
0.003810
0.004413
0.005033
0.005671
0.006326
0.006999
0.007691
0.008403
0.009134
0.009885
0.010657
0.011451
0.012267
0.013105
0.013967
0.014853
0.015763
0.016699
0.017660
0.018648
0.019664
0.020708
0.021781
0.022884
0.024017
0.025182
0.026380
0.027610
0.028875
0.030175
0.031511
0.032884
0.034295
0.035746
0.037237
0.038769
0.040344
0.041962
0.043626
0.045335
0.047093
0.048899
0.050755
0.052663
0.054623
0.056639
0.058710
0.060839
0.063026
0.065275
0.067586
0.069961
0.072403
0.074912
0.077490
0.080141
0.082864
0.085664
0.088541
0.091498
0.094538
0.097661
0.100871
0.104171
0.107562
0.111047
0.114629
0.118310
0.122093
0.125982
0.129978
0.134085
0.138306
0.142644
0.147103
0.151685
0.156394
0.161233
0.166207
0.171319
0.176572
0.181971
0.187519
0.193221
0.199081
0.205104
0.211292
0.217653
0.224189
0.230906
0.237808
0.244902
0.252191
0.259682
0.267380
0.275290
0.283419
0.291772
0.300355
0.309175
0.318237
0.327550
0.337118
0.346950
0.357052
0.367431
0.378096
0.389053
0.400310
0.411876
0.423758
0.435965
0.448505
0.461387
0.474621
0.488214
0.502177
0.516519
0.531250
0.546380
0.561918
0.577876
0.594263
0.611091
0.628370
0.646111
0.664325
0.683025
0.702220
0.721924
0.742148
0.762903
0.784202
0.806057
0.828480
0.851483
0.875078
0.899277
0.924093
0.949537
0.975620
1.002356
1.029754
1.057825
1.086580
1.116030
1.146183
1.177048
1.208632
1.240944
1.273988
1.307770
1.342292
1.377556
1.413563
1.450309
1.487791
1.526002
1.564932
1.604567
1.644892
1.685886
1.727523
1.769775
1.812607
1.855976
1.899836
1.944133
1.988803
2.033774
2.078968
2.124292
2.169644
2.214910
2.259962
2.304660
2.348845
2.392347
2.434974
2.476518
2.516753
2.555431
2.592287
2.627030
2.659353
2.688924
2.715394
2.738392
2.757527
2.772395
2.782576
2.787637
2.787141
2.780645
2.767708
2.747898
2.720795
2.685999
2.643136
2.591866
2.531888
2.462947
2.384838
2.297414
2.200585
2.094324
1.978667
1.853713
1.719621
1.576607
1.424944
1.264951
1.096991
0.921465
0.738802
0.549457
0.353898
0.152607
-0.053933
-0.265238
-0.480831
-0.700245
-0.923028
-1.148744
-1.376975
-1.607325
-1.839422
-2.072913
-2.307473
-2.542798
-2.778608
-3.014647
-3.250680
-3.486495
-3.721903
-3.956733
-4.190835
-4.424078
-4.656349
-4.887553
-5.117611
-5.346460
-5.574052
-5.800356
-6.025351
-6.249033
-6.471411
-6.692503
-6.912345
-7.130980
-7.348465
-7.564869
-7.780271
-7.994762
-8.208443
-8.421427
-8.633837
-8.845809
-9.057488
-9.269031
-9.480607
-9.692395
-9.904590
-10.117395
-10.331030
-10.545724
-10.761726
-10.979296
-11.198713
-11.420270
-11.644282
-11.871082
-12.101027
-12.334496
-12.571895
-12.813658
-13.060252
-13.312180
-13.569983
-13.834248
-14.105613
-14.384770
-14.672480
-14.969574
-15.276972
-15.595689
-15.926859
-16.271748
-16.631779
-17.008566
-17.403945
-17.820024
-18.259241
-18.724438
-19.218962
-19.746794
-20.312725
-20.922600
-21.583653
-22.304994
-23.098330
-23.979068
-24.968066
-26.094574
-27.401462
-28.955290
-30.867820
-33.349372
-36.875344
-42.986673
-73.412087
-42.404074
-36.468885
-32.950501
-30.434541
-28.470931
-26.857812
-25.487051
-24.293904
-23.236490
-22.286126
-21.422275
-20.629689
-19.896697
-19.214117
-18.574541
-17.971838
-17.400796
-16.856848
-16.335852
-15.833888
-15.347066
-14.871298
-14.402024
-13.933830
-13.459879
-12.971022
-12.454346
-11.890701
-11.250427
-10.486201
-9.523781
-8.272055
-6.824315
-6.444771
-8.690115
-11.188491
-12.448397
-12.842410
-12.855708
-12.728870
-12.558141
-12.377699
-12.193054
-11.988579
-11.717308
-11.265542
-10.372427
-8.527425
-5.229019
-2.144981
-3.432274
-8.195994
-13.076763
-10.443548
-10.429597
-11.311730
-12.666975
-11.498199
-4.225739
-0.877698
-1.910152
-2.976307
-3.679926
-4.145930
-4.466129
-4.693425
-4.858834
-4.981412
-5.073422
-5.143084
-5.196092
-5.236505
-5.267283
-5.290617
-5.308149
-5.321110
-5.330418
-5.336732
-5.340496
-5.341949
