-0.008307
-0.008091
-0.007868
-0.007639
-0.007403
-0.007161
-0.006912
-0.006657
-0.006394
-0.006124
-0.005846
-0.005561
-0.005268
-0.004966
-0.004657
-0.004338
-0.004011
-0.003675
-0.003329
-0.002974
-0.002608
-0.002233
-0.001847
-0.001451
-0.001043
-0.000624
-0.000194
0.000249
0.000703
0.001171
0.001651
0.002145
0.002653
0.003174
0.003711
0.004262
0.004828
0.005411
0.006009
0.006624
0.007256
0.007906
0.008574
0.009260
0.009966
0.010691
0.011437
0.012203
0.012990
0.013800
0.014632
0.015487
0.016366
0.017269
0.018198
0.019152
0.020133
0.021142
0.022178
0.023243
0.024338
0.025464
0.026621
0.027810
0.029032
0.030288
0.031579
0.032907
0.034271
0.035673
0.037115
0.038596
0.040119
0.041684
0.043293
0.044947
0.046647
0.048395
0.050191
0.052038
0.053935
0.055886
0.057892
0.059953
0.062072
0.064250
0.066489
0.068790
0.071156
0.073588
0.076088
0.078657
0.081299
0.084014
0.086805
0.089675
0.092624
0.095656
0.098773
0.101978
0.105272
0.108658
0.112139
0.115717
0.119396
0.123178
0.127066
0.131063
0.135172
0.139396
0.143739
0.148204
0.152794
0.157513
0.162364
0.167352
0.172480
0.177752
0.183173
0.188746
0.194476
0.200367
0.206424
0.212652
0.219055
0.225639
0.232408
0.239369
0.246526
0.253885
0.261452
0.269233
0.277233
0.285461
0.293921
0.302621
0.311567
0.320767
0.330227
0.339957
0.349962
0.360252
0.370834
0.381717
0.392910
0.404422
0.416262
0.428440
0.440965
0.453847
0.467098
0.480728
0.494748
0.509169
0.524004
0.539264
0.554963
0.571112
0.587726
0.604818
0.622403
0.640495
0.659108
0.678260
0.697966
0.718242
0.739105
0.760574
0.782666
0.805401
0.828797
0.852874
0.877655
0.903158
0.929408
0.956426
0.984235
1.012861
1.042328
1.072662
1.103890
1.136039
1.169138
1.203215
1.238302
1.274430
1.311631
1.349939
1.389388
1.430014
1.471853
1.514944
1.559326
1.605040
1.652128
1.700633
1.750599
1.802073
1.855103
1.909737
1.966027
2.024024
2.083783
2.145360
2.208811
2.274197
2.341577
2.411015
2.482574
2.556322
2.632326
2.710656
2.791385
2.874584
2.960330
3.048700
3.139771
3.233625
3.330341
3.430004
3.532697
3.638504
3.747511
3.859805
3.975471
4.094595
4.217264
4.343563
4.473575
4.607382
4.745066
4.886704
5.032372
5.182142
5.336085
5.494267
5.656752
5.823601
5.994876
6.170638
6.350950
6.535884
6.725521
6.919960
7.119326
7.323780
7.533531
7.748855
7.970116
8.197790
8.432499
8.675047
8.926470
9.188089
9.461583
9.749069
10.053210
10.377346
10.725660
11.103398
11.517167
11.975351
12.488697
13.071207
13.741501
14.525035
15.457877
16.593573
18.016624
19.871722
22.435290
26.305281
32.205278
30.133742
23.968761
19.840071
16.817716
14.420247
12.419696
10.693796
9.170104
7.802389
6.559419
5.419118
4.365293
3.385682
2.470744
1.612867
0.805849
0.044536
-0.675434
-1.357804
-2.005831
-2.622384
-3.210008
-3.770982
-4.307358
-4.820993
-5.313572
-5.786628
-6.241558
-6.679638
-7.102034
-7.509807
-7.903928
-8.285283
-8.654678
-9.012848
-9.360460
-9.698122
-10.026384
-10.345741
-10.656643
-10.959493
-11.254654
-11.542447
-11.823159
-12.097044
-12.364323
-12.625186
-12.879798
-13.128295
-13.370788
-13.607363
-13.838083
-14.062987
-14.282090
-14.495385
-14.702839
-14.904396
-15.099972
-15.289456
-15.472706
-15.649544
-15.819754
-15.983071
-16.139178
-16.287690
-16.428141
-16.559958
-16.682441
-16.794714
-16.895677
-16.983923
-17.057633
-17.114413
-17.151072
-17.163282
-17.145098
-17.088242
-16.981072
-16.807133
-16.543204
-16.156962
-15.604836
-14.831635
-13.775190
-12.381307
-10.637078
-8.634889
-6.665653
-5.202972
-4.505555
-4.288014
-4.085441
-3.584550
-2.594636
-0.974196
1.143132
1.894595
-0.997686
-4.868204
-8.193414
-10.911053
-13.128107
-14.917369
-16.314903
-17.337640
-17.998891
-18.316973
-18.315018
-18.013477
-17.418826
-16.510057
-15.219177
-13.392045
-10.687628
-6.278086
0.313261
-4.961728
-10.506376
-13.718119
-15.583320
-16.527560
-16.795180
-16.553666
-15.911706
-14.922065
-13.581569
-11.820770
-9.464060
-6.102323
-0.686646
4.961964
-2.280110
-7.367672
-10.714979
-13.199188
-15.180768
-16.835793
-18.262500
-19.521059
-20.650911
-21.679277
-22.625711
-23.504726
-24.327384
-25.102305
-25.836337
-26.535010
-27.202854
-27.843629
-28.460487
-29.056104
-29.632767
-30.192450
-30.736870
-31.267531
-31.785759
-32.292729
-32.789494
-33.276995
-33.756085
-34.227535
-34.692051
-35.150276
-35.602808
-36.050194
-36.492947
-36.931544
-37.366433
-37.798037
-38.226755
-38.652968
-39.077039
-39.499318
-39.920140
-40.339832
-40.758713
-41.177091
-41.595274
-42.013562
-42.432254
-42.851650
-43.272047
-43.693747
-44.117051
-44.542268
-44.969713
-45.399705
-45.832576
-46.268665
-46.708325
-47.151923
-47.599841
-48.052481
-48.510264
-48.973635
-49.443065
-49.919054
-50.402135
-50.892880
-51.391900
-51.899855
-52.417458
-52.945483
-53.484771
-54.036242
-54.600904
-55.179868
-55.774364
-56.385755
-57.015566
-57.665504
-58.337498
-59.033732
-59.756705
-60.509285
-61.294798
-62.117129
-62.980863
-63.891468
-64.855543
-65.881172
-66.978416
-68.160038
-69.442614
-70.848271
-72.407583
-74.164674
-76.186962
-78.585760
-81.566711
-85.584299
-92.057087
-123.418830
-93.889297
-88.489889
-85.763746
-84.189927
-83.323672
-83.000521
