0.108796
0.112165
0.115628
0.119185
0.122841
0.126598
0.130458
0.134424
0.138500
0.142687
0.146990
0.151411
0.155954
0.160622
0.165417
0.170345
0.175408
0.180610
0.185955
0.191446
0.197088
0.202885
0.208840
0.214959
0.221245
0.227703
0.234338
0.241155
0.248157
0.255351
0.262742
0.270334
0.278134
0.286146
0.294376
0.302831
0.311516
0.320437
0.329601
0.339014
0.348682
0.358613
0.368813
0.379290
0.390050
0.401102
0.412453
0.424110
0.436082
0.448378
0.461004
0.473971
0.487287
0.500961
0.515002
0.529420
0.544224
0.559425
0.575033
0.591057
0.607510
0.624401
0.641742
0.659544
0.677819
0.696578
0.715835
0.735601
0.755889
0.776712
0.798084
0.820017
0.842526
0.865625
0.889328
0.913649
0.938605
0.964209
0.990478
1.017426
1.045072
1.073429
1.102516
1.132349
1.162945
1.194322
1.226497
1.259488
1.293313
1.327991
1.363540
1.399980
1.437328
1.475604
1.514827
1.555017
1.596192
1.638373
1.681579
1.725830
1.771144
1.817541
1.865040
1.913660
1.963419
2.014336
2.066429
2.119714
2.174208
2.229927
2.286886
2.345098
2.404576
2.465332
2.527375
2.590713
2.655353
2.721297
2.788548
2.857104
2.926961
2.998109
3.070539
3.144232
3.219168
3.295320
3.372656
3.451138
3.530719
3.611345
3.692954
3.775473
3.858819
3.942899
4.027606
4.112819
4.198405
4.284212
4.370073
4.455801
4.541193
4.626022
4.710040
4.792978
4.874541
4.954411
5.032246
5.107679
5.180316
5.249743
5.315520
5.377190
5.434275
5.486284
5.532715
5.573060
5.606810
5.633466
5.652537
5.663557
5.666086
5.659721
5.644102
5.618920
5.583924
5.538924
5.483797
5.418489
5.343014
5.257459
5.161975
5.056777
4.942137
4.818381
4.685880
4.545041
4.396302
4.240123
4.076978
3.907350
3.731722
3.550573
3.364371
3.173571
2.978611
2.779908
2.577858
2.372831
2.165175
1.955213
1.743242
1.529535
1.314343
1.097891
0.880386
0.662010
0.442930
0.223290
0.003222
-0.217162
-0.437763
-0.658494
-0.879282
-1.100065
-1.320788
-1.541409
-1.761892
-1.982206
-2.202328
-2.422240
-2.641927
-2.861378
-3.080583
-3.299535
-3.518225
-3.736646
-3.954786
-4.172635
-4.390175
-4.607385
-4.824237
-5.040694
-5.256713
-5.472237
-5.687196
-5.901506
-6.115066
-6.327754
-6.539427
-6.749913
-6.959014
-7.166500
-7.372101
-7.575511
-7.776375
-7.974293
-8.168808
-8.359409
-8.545521
-8.726505
-8.901653
-9.070190
-9.231272
-9.383985
-9.527356
-9.660355
-9.781909
-9.890912
-9.986247
-10.066803
-10.131504
-10.179329
-10.209346
-10.220733
-10.212808
-10.185051
-10.137116
-10.068846
-9.980276
-9.871626
-9.743292
-9.595829
-9.429925
-9.246381
-9.046078
-8.829952
-8.598965
-8.354085
-8.096260
-7.826404
-7.545381
-7.253992
-6.952973
-6.642985
-6.324613
-5.998365
-5.664672
-5.323891
-4.976304
-4.622121
-4.261483
-3.894460
-3.521052
-3.141188
-2.754721
-2.361422
-1.960969
-1.552935
-1.136766
-0.711749
-0.276977
0.168707
0.626781
1.099146
1.588250
2.097266
2.630315
3.192759
3.791562
4.435720
5.136687
5.908621
6.767910
7.730499
8.803226
9.959847
11.085263
11.893701
11.974311
11.172455
9.804453
8.281959
6.836717
5.549487
4.429817
3.460627
2.617241
1.874935
1.211708
0.609071
0.051962
-0.471672
-0.971395
-1.454792
-1.927914
-2.395655
-2.862057
-3.330560
-3.804198
-4.285770
-4.777977
-5.283544
-5.805329
-6.346414
-6.910176
-7.500307
-8.120745
-8.775400
-9.467512
-10.198289
-10.964309
-11.753007
-12.535987
-13.262124
-13.857861
-14.247150
-14.392385
-14.325585
-14.134039
-13.914306
-13.737266
-13.639989
-13.633470
-13.713501
-13.869052
-14.087304
-14.356158
-14.665223
-15.006012
-15.371782
-15.757261
-16.158360
-16.571917
-16.995487
-17.427183
-17.865540
-18.309425
-18.757955
-19.210448
-19.666376
-20.125332
-20.587008
-21.051171
-21.517655
-21.986344
-22.457166
-22.930084
-23.405093
-23.882216
-24.361498
-24.843007
-25.326830
-25.813072
-26.301856
-26.793322
-27.287628
-27.784946
-28.285468
-28.789404
-29.296981
-29.808446
-30.324070
-30.844144
-31.368986
-31.898938
-32.434378
-32.975710
-33.523382
-34.077878
-34.639732
-35.209527
-35.787909
-36.375591
-36.973360
-37.582098
-38.202787
-38.836529
-39.484570
-40.148320
-40.829388
-41.529622
-42.251154
-42.996467
-43.768476
-44.570631
-45.407065
-46.282781
-47.203915
-48.178115
-49.215078
-50.327355
-51.531603
-52.850591
-54.316626
-55.977760
-57.910049
-60.244716
-63.239109
-67.518856
-75.510612
-82.940457
-70.552530
-65.860351
-62.979962
-60.933490
-59.368647
-58.117917
-57.088411
-56.223248
-55.485087
-54.848116
-54.293774
-53.808296
-53.381222
-53.004442
-52.671575
-52.377535
-52.118228
-51.890313
-51.691014
-51.517919
-51.368720
-51.240799
-51.130415
-51.031008
-50.929361
-50.796535
-50.565610
-50.077731
-48.971218
-46.594518
-42.636164
-40.304463
-42.033993
-43.881176
-45.076981
-45.844885
-46.360464
-46.722887
-46.988130
-47.189125
-47.346131
-47.472126
-47.575726
-47.662820
-47.737537
-47.802838
-47.860879
-47.913257
-47.961170
-48.005522
-48.047001
-48.086135
-48.123328
-48.158886
-48.193047
-48.225986
-48.257834
-48.288684
-48.318602
-48.347627
-48.375780
-48.403064
-48.429469
-48.454976
-48.479554
-48.503163
-48.525760
-48.547292
-48.567704
-48.586934
-48.604917
-48.621587
-48.636870
-48.650694
-48.662981
-48.673653
-48.682630
-48.689828
-48.695165
-48.698555
-48.699911
