0.025047
0.026016
0.027012
0.028035
0.029086
0.030166
0.031276
0.032416
0.033588
0.034792
0.036029
0.037301
0.038607
0.039949
0.041328
0.042744
0.044200
0.045696
0.047232
0.048811
0.050433
0.052100
0.053812
0.055571
0.057378
0.059234
0.061142
0.063101
0.065114
0.067182
0.069307
0.071489
0.073731
0.076034
0.078400
0.080830
0.083327
0.085891
0.088525
0.091230
0.094009
0.096863
0.099795
0.102806
0.105899
0.109075
0.112337
0.115688
0.119128
0.122662
0.126290
0.130017
0.133844
0.137773
0.141808
0.145951
0.150206
0.154574
0.159059
0.163664
0.168392
0.173246
0.178229
0.183345
0.188597
0.193988
0.199522
0.205203
0.211034
0.217018
0.223161
0.229465
0.235935
0.242575
0.249389
0.256381
0.263555
0.270917
0.278471
0.286221
0.294172
0.302329
0.310697
0.319281
0.328086
0.337117
0.346379
0.355879
0.365621
0.375612
0.385856
0.396360
0.407130
0.418171
0.429490
0.441094
0.452988
0.465179
0.477673
0.490478
0.503599
0.517044
0.530820
0.544934
0.559392
0.574203
0.589373
0.604910
0.620822
0.637116
0.653799
0.670880
0.688367
0.706267
0.724589
0.743340
0.762529
0.782163
0.802252
0.822804
0.843826
0.865329
0.887319
0.909805
0.932797
0.956302
0.980330
1.004889
1.029987
1.055634
1.081837
1.108607
1.135950
1.163877
1.192395
1.221513
1.251240
1.281584
1.312553
1.344156
1.376402
1.409297
1.442851
1.477071
1.511966
1.547543
1.583809
1.620772
1.658440
1.696820
1.735918
1.775742
1.816299
1.857594
1.899634
1.942426
1.985974
2.030286
2.075366
2.121219
2.167850
2.215265
2.263467
2.312462
2.362251
2.412840
2.464232
2.516430
2.569436
2.623253
2.677883
2.733328
2.789589
2.846668
2.904566
2.963283
3.022820
3.083176
3.144351
3.206344
3.269154
3.332781
3.397221
3.462473
3.528535
3.595404
3.663077
3.731550
3.800820
3.870883
3.941735
4.013370
4.085783
4.158971
4.232926
4.307643
4.383115
4.459337
4.536301
4.614000
4.692427
4.771574
4.851433
4.931995
5.013252
5.095195
5.177815
5.261102
5.345047
5.429639
5.514869
5.600724
5.687196
5.774271
5.861940
5.950189
6.039007
6.128381
6.218299
6.308747
6.399711
6.491179
6.583136
6.675567
6.768458
6.861793
6.955556
7.049732
7.144303
7.239253
7.334564
7.430217
7.526195
7.622478
7.719047
7.815880
7.912958
8.010257
8.107757
8.205432
8.303261
8.401217
8.499275
8.597408
8.695589
8.793789
8.891979
8.990127
9.088202
9.186170
9.283997
9.381647
9.479083
9.576266
9.673156
9.769712
9.865888
9.961642
10.056925
10.151688
10.245882
10.339453
10.432346
10.524506
10.615873
10.706386
10.795982
10.884595
10.972158
11.058599
11.143848
11.227828
11.310462
11.391671
11.471373
11.549483
11.625914
11.700577
11.773380
11.844230
11.913032
11.979687
12.044095
12.106154
12.165762
12.222812
12.277197
12.328810
12.377540
12.423277
12.465906
12.505316
12.541390
12.574013
12.603068
12.628435
12.649996
12.667627
12.681207
12.690608
12.695703
12.696360
12.692444
12.683815
12.670327
12.651829
12.628160
12.599151
12.564622
12.524381
12.478221
12.425915
12.367221
12.301871
12.229573
12.150006
12.062813
11.967603
11.863943
11.751353
11.629301
11.497198
11.354394
11.200169
11.033731
10.854205
10.660634
10.451967
10.227061
9.984672
9.723457
9.441971
9.138670
8.811919
8.459993
8.081101
7.673399
7.235022
6.764128
6.258951
5.717893
5.139639
4.523343
3.868890
3.177291
2.451253
1.696009
0.920433
0.138463
-0.629419
-1.355216
-2.004140
-2.538483
-2.925260
-3.145575
-3.200933
-3.112369
-2.913015
-2.638792
-2.321604
-1.986306
-1.650520
-1.325813
-1.019223
-0.734616
-0.473746
-0.237009
-0.023961
0.166332
0.335074
0.483590
0.613239
0.725357
0.821223
0.902043
0.968943
1.022963
1.065061
1.096115
1.116928
1.128236
1.130705
1.124947
1.111517
1.090920
1.063617
1.030027
0.990531
0.945475
0.895176
0.839919
0.779964
0.715546
0.646878
0.574153
0.497544
0.417206
0.333277
0.245880
0.155123
0.061100
-0.036109
-0.136435
-0.239823
-0.346229
-0.455623
-0.567984
-0.683302
-0.801583
-0.922840
-1.047100
-1.174402
-1.304799
-1.438356
-1.575152
-1.715282
-1.858855
-2.006000
-2.156863
-2.311610
-2.470429
-2.633535
-2.801168
-2.973597
-3.151128
-3.334103
-3.522907
-3.717976
-3.919799
-4.128930
-4.345999
-4.571719
-4.806904
-5.052488
-5.309541
-5.579302
-5.863206
-6.162932
-6.480452
-6.818103
-7.178676
-7.565535
-7.982782
-8.435477
-8.929954
-9.474270
-10.078877
-10.757648
-11.529516
-12.421217
-13.472172
-14.743848
-16.339665
-18.453776
-21.520066
-26.893298
-52.031937
-26.858807
-19.969195
-15.624483
-12.163645
-9.001012
-5.752246
-2.044197
2.092059
3.479957
1.122532
-0.628306
-1.165052
-0.905797
-0.200589
0.748667
1.838840
3.019585
4.264894
5.554556
6.856537
8.102753
9.157573
9.807789
9.845708
9.234347
8.141978
6.790120
5.333659
3.849854
2.366886
0.887645
-0.597660
-2.106603
-3.664568
-5.309102
-7.097866
-9.075841
-10.166163
-3.857673
-8.091292
-11.665349
-14.532022
-17.382905
-20.565253
-24.477949
-29.915075
-37.504491
-33.916540
-28.985891
-26.140282
-24.340701
-23.153767
-22.383518
-21.934187
-21.762130
