0.077820
0.080413
0.083078
0.085816
0.088629
0.091520
0.094491
0.097544
0.100681
0.103905
0.107217
0.110621
0.114118
0.117712
0.121404
0.125198
0.129097
0.133102
0.137218
0.141447
0.145792
0.150256
0.154843
0.159556
0.164397
0.169372
0.174483
0.179734
0.185128
0.190670
0.196363
0.202212
0.208221
0.214393
0.220734
0.227247
0.233938
0.240811
0.247871
0.255122
0.262570
0.270220
0.278077
0.286146
0.294434
0.302946
0.311686
0.320663
0.329880
0.339345
0.349064
0.359044
0.369290
0.379809
0.390609
0.401696
0.413078
0.424761
0.436753
0.449061
0.461694
0.474657
0.487961
0.501612
0.515618
0.529988
0.544729
0.559851
0.575361
0.591268
0.607580
0.624307
0.641456
0.659035
0.677055
0.695522
0.714446
0.733835
0.753696
0.774039
0.794870
0.816198
0.838030
0.860372
0.883232
0.906615
0.930528
0.954975
0.979960
1.005488
1.031560
1.058179
1.085345
1.113058
1.141316
1.170115
1.199450
1.229314
1.259698
1.290590
1.321976
1.353840
1.386161
1.418915
1.452077
1.485613
1.519489
1.553663
1.588089
1.622716
1.657483
1.692326
1.727172
1.761939
1.796536
1.830864
1.864813
1.898262
1.931078
1.963117
1.994218
2.024212
2.052910
2.080112
2.105598
2.129137
2.150478
2.169355
2.185485
2.198569
2.208292
2.214327
2.216331
2.213951
2.206823
2.194578
2.176842
2.153240
2.123402
2.086961
2.043568
1.992885
1.934598
1.868418
1.794087
1.711382
1.620118
1.520153
1.411388
1.293774
1.167305
1.032027
0.888031
0.735451
0.574467
0.405298
0.228196
0.043447
-0.148637
-0.347722
-0.553456
-0.765476
-0.983409
-1.206878
-1.435508
-1.668925
-1.906762
-2.148663
-2.394280
-2.643280
-2.895343
-3.150165
-3.407458
-3.666948
-3.928381
-4.191516
-4.456130
-4.722015
-4.988978
-5.256840
-5.525437
-5.794617
-6.064241
-6.334181
-6.604320
-6.874552
-7.144780
-7.414914
-7.684875
-7.954589
-8.223990
-8.493017
-8.761616
-9.029738
-9.297336
-9.564371
-9.830805
-10.096605
-10.361738
-10.626177
-10.889896
-11.152870
-11.415076
-11.676493
-11.937100
-12.196877
-12.455805
-12.713866
-12.971040
-13.227309
-13.482652
-13.737049
-13.990480
-14.242923
-14.494354
-14.744748
-14.994079
-15.242318
-15.489435
-15.735395
-15.980164
-16.223701
-16.465964
-16.706907
-16.946480
-17.184626
-17.421287
-17.656398
-17.889886
-18.121675
-18.351680
-18.579808
-18.805958
-19.030021
-19.251876
-19.471392
-19.688425
-19.902819
-20.114401
-20.322984
-20.528363
-20.730311
-20.928583
-21.122906
-21.312984
-21.498489
-21.679062
-21.854308
-22.023789
-22.187025
-22.343485
-22.492582
-22.633664
-22.766011
-22.888823
-23.001207
-23.102170
-23.190603
-23.265262
-23.324752
-23.367499
-23.391724
-23.395410
-23.376250
-23.331604
-23.258417
-23.153141
-23.011608
-22.828876
-22.599017
-22.314811
-21.967328
-21.545298
-21.034166
-20.414616
-19.660133
-18.732808
-17.575554
-16.096434
-14.133257
-11.360606
-7.000905
0.078114
-4.416720
-10.655888
-14.613686
-17.489407
-19.760081
-21.645826
-23.264833
-24.687689
-25.959911
-27.112597
-28.167963
-29.142453
-30.048593
-30.896140
-31.692833
-32.444893
-33.157369
-33.834380
-34.479283
-35.094806
-35.683131
-36.245971
-36.784611
-37.299951
-37.792537
-38.262582
-38.709986
-39.134363
-39.535061
-39.911190
-40.261656
-40.585208
-40.880480
-41.146058
-41.380538
-41.582600
-41.751070
-41.884982
-41.983630
-42.046594
-42.073751
-42.065266
-42.021551
-41.943209
-41.830964
-41.685576
-41.507742
-41.298008
-41.056662
-40.783632
-40.478376
-40.139754
-39.765879
-39.353930
-38.899895
-38.398227
-37.841337
-37.218843
-36.516415
-35.713917
-34.782284
-33.677947
-32.332086
-30.627729
-28.343589
-24.985240
-19.120916
-13.161820
-22.549505
-27.878855
-31.379642
-33.960615
-35.941768
-37.448998
-38.531086
-39.210927
-39.512959
-39.473232
-39.134968
-38.537033
-37.702797
-36.631654
-35.290073
-33.594520
-31.368046
-28.207079
-22.905137
-7.899347
-21.233634
-27.851933
-31.622092
-34.205930
-36.076354
-37.416178
-38.307157
-38.794605
-38.913619
-38.696108
-38.166417
-37.331096
-36.164769
-34.587067
-32.410676
-29.184258
-23.473682
-5.257594
-23.408423
-29.187324
-32.171622
-33.766686
-34.424324
-34.382495
-33.793753
-32.742436
-31.238877
-29.196743
-26.354812
-21.962346
-12.512806
-12.833050
-22.144194
-26.570047
-29.505013
-31.710363
-33.483212
-34.970676
-36.256361
-37.392307
-38.413077
-39.342770
-40.198845
-40.994339
-41.739239
-42.441358
-43.106918
-43.740954
-44.347595
-44.930269
-45.491853
-46.034786
-46.561153
-47.072750
-47.571139
-48.057684
-48.533587
-48.999913
-49.457611
-49.907530
-50.350437
-50.787025
-51.217924
-51.643714
-52.064925
-52.482048
-52.895537
-53.305818
-53.713289
-54.118325
-54.521281
-54.922495
-55.322288
-55.720971
-56.118843
-56.516193
-56.913305
-57.310455
-57.707915
-58.105955
-58.504843
-58.904845
-59.306231
-59.709270
-60.114236
-60.521407
-60.931066
-61.343506
-61.759025
-62.177934
-62.600552
-63.027215
-63.458272
-63.894089
-64.335052
-64.781566
-65.234062
-65.692999
-66.158862
-66.632174
-67.113493
-67.603420
-68.102606
-68.611751
-69.131622
-69.663049
-70.206944
-70.764308
-71.336244
-71.923973
-72.528853
-73.152401
-73.796319
-74.462529
-75.153213
-75.870860
-76.618336
-77.398963
-78.216622
-79.075894
-79.982242
-80.942265
-81.964043
-83.057634
-84.235802
-85.515119
-86.917711
-88.474152
-90.228568
-92.248374
-94.644884
-97.623745
-101.639440
-108.110536
-139.470792
-109.939978
-104.539502
-101.812507
-100.238060
-99.371408
-99.048097
