-0.001761
-0.001504
-0.001241
-0.000971
-0.000692
-0.000407
-0.000113
0.000189
0.000500
0.000819
0.001146
0.001483
0.001830
0.002186
0.002552
0.002928
0.003314
0.003712
0.004120
0.004540
0.004971
0.005415
0.005870
0.006339
0.006820
0.007315
0.007824
0.008347
0.008884
0.009437
0.010004
0.010588
0.011188
0.011804
0.012438
0.013089
0.013759
0.014447
0.015154
0.015881
0.016629
0.017397
0.018186
0.018998
0.019832
0.020689
0.021571
0.022476
0.023408
0.024365
0.025348
0.026360
0.027399
0.028467
0.029566
0.030694
0.031855
0.033047
0.034274
0.035534
0.036829
0.038161
0.039530
0.040937
0.042383
0.043869
0.045398
0.046969
0.048584
0.050243
0.051950
0.053704
0.055507
0.057361
0.059266
0.061225
0.063239
0.065308
0.067436
0.069624
0.071873
0.074184
0.076561
0.079004
0.081516
0.084098
0.086752
0.089481
0.092287
0.095171
0.098136
0.101185
0.104319
0.107541
0.110854
0.114260
0.117761
0.121361
0.125063
0.128869
0.132782
0.136805
0.140942
0.145195
0.149568
0.154064
0.158688
0.163442
0.168330
0.173357
0.178525
0.183840
0.189306
0.194926
0.200705
0.206648
0.212759
0.219044
0.225508
0.232155
0.238991
0.246021
0.253251
0.260687
0.268335
0.276201
0.284292
0.292613
0.301172
0.309975
0.319031
0.328345
0.337927
0.347782
0.357921
0.368351
0.379080
0.390118
0.401474
0.413156
0.425176
0.437542
0.450265
0.463356
0.476825
0.490685
0.504946
0.519621
0.534722
0.550262
0.566254
0.582712
0.599650
0.617082
0.635023
0.653488
0.672494
0.692057
0.712194
0.732922
0.754259
0.776224
0.798836
0.822114
0.846080
0.870753
0.896155
0.922310
0.949239
0.976966
1.005517
1.034914
1.065186
1.096357
1.128456
1.161511
1.195550
1.230602
1.266700
1.303873
1.342153
1.381574
1.422170
1.463973
1.507020
1.551346
1.596987
1.643980
1.692363
1.742174
1.793450
1.846230
1.900553
1.956457
2.013980
2.073159
2.134033
2.196635
2.261002
2.327166
2.395156
2.465001
2.536726
2.610350
2.685888
2.763352
2.842744
2.924059
3.007283
3.092394
3.179355
3.268115
3.358611
3.450758
3.544455
3.639575
3.735969
3.833457
3.931831
4.030848
4.130229
4.229655
4.328765
4.427154
4.524372
4.619922
4.713259
4.803797
4.890906
4.973923
5.052154
5.124890
5.191414
5.251022
5.303034
5.346821
5.381819
5.407556
5.423670
5.429927
5.426243
5.412691
5.389513
5.357119
5.316091
5.267168
5.211240
5.149327
5.082562
5.012172
4.939454
4.865759
4.792466
4.720974
4.652680
4.588972
4.531218
4.480761
4.438915
4.406962
4.386156
4.377721
4.382854
4.402731
4.438503
4.491304
4.562245
4.652409
4.762835
4.894500
5.048271
5.224844
5.424641
5.647655
5.893223
6.159679
6.443877
6.740511
7.041239
7.333635
7.600173
7.817681
7.958056
7.991148
7.890134
7.638185
7.233468
6.689648
6.031580
5.288706
4.489274
3.656973
2.809868
1.960780
1.118255
0.287635
-0.528026
-1.327239
-2.109562
-2.875228
-3.624887
-4.359438
-5.079905
-5.787357
-6.482856
-7.167411
-7.841951
-8.507296
-9.164133
-9.812991
-10.454207
-11.087891
-11.713885
-12.331704
-12.940480
-13.538885
-14.125051
-14.696489
-15.250007
-15.781651
-16.286683
-16.759624
-17.194386
-17.584528
-17.923638
-18.205818
-18.426228
-18.581596
-18.670576
-18.693892
-18.654204
-18.555753
-18.403846
-18.204304
-17.962945
-17.685183
-17.375741
-17.038484
-16.676345
-16.291302
-15.884400
-15.455777
-15.004680
-14.529475
-14.027629
-13.495664
-12.929096
-12.322366
-11.668810
-10.960751
-10.189945
-9.348852
-8.433817
-7.452432
-6.439197
-5.483678
-4.761133
-4.507296
-4.866241
-5.743399
-6.891266
-8.088737
-9.204161
-10.174181
-10.973476
-11.596521
-12.048644
-12.341523
-12.490366
-12.511735
-12.421836
-12.235294
-11.964442
-11.619056
-11.206417
-10.731603
-10.197969
-9.607846
-8.963594
-8.269331
-7.533866
-6.775642
-6.030444
-5.361089
-4.862927
-4.650040
-4.809815
-5.350310
-6.195369
-7.233433
-8.366980
-9.530863
-10.688628
-11.822922
-12.927418
-14.001507
-15.047062
-16.066369
-17.060490
-18.027509
-18.960103
-19.841918
-20.642405
-21.310817
-21.772892
-21.937990
-21.723925
-21.091249
-20.059499
-18.690952
-17.065826
-15.286694
-13.538635
-12.189893
-11.724706
-12.274714
-13.449503
-14.820127
-16.169835
-17.427343
-18.581391
-19.640103
-20.615799
-21.519916
-22.361528
-23.147066
-23.880381
-24.562852
-25.193467
-25.768862
-26.283378
-26.729186
-27.096583
-27.374510
-27.551344
-27.615865
-27.558248
-27.370758
-27.047914
-26.585954
-25.981711
-25.231220
-24.328710
-23.267258
-22.044360
-20.681344
-19.278120
-18.125918
-17.753282
-18.502291
-20.059817
-21.902250
-23.739163
-25.477298
-27.106499
-28.643202
-30.110135
-31.530113
-32.924749
-34.314831
-35.721347
-37.166925
-38.677827
-40.286942
-42.038752
-43.998504
-46.271169
-49.046889
-52.736117
-58.558373
-77.320237
-61.568854
-55.189107
-51.746762
-49.424031
-47.694678
-46.332436
-45.219208
-44.285605
-43.487439
-42.794869
-42.186825
-41.647898
-41.166496
-40.733693
-40.342479
-39.987258
-39.663501
-39.367494
-39.096163
-38.846942
-38.617669
-38.406512
-38.211912
-38.032536
-37.867241
-37.715045
-37.575105
-37.446698
-37.329208
-37.222111
-37.124971
-37.037426
-36.959187
-36.890035
-36.829814
-36.778432
-36.735864
-36.702147
-36.677389
-36.661766
-36.655538
