-0.011598
-0.011390
-0.011176
-0.010955
-0.010729
-0.010496
-0.010257
-0.010011
-0.009758
-0.009499
-0.009232
-0.008957
-0.008675
-0.008386
-0.008088
-0.007782
-0.007467
-0.007143
-0.006811
-0.006469
-0.006118
-0.005757
-0.005386
-0.005005
-0.004613
-0.004210
-0.003796
-0.003370
-0.002933
-0.002483
-0.002021
-0.001546
-0.001058
-0.000556
-0.000040
0.000490
0.001035
0.001595
0.002171
0.002762
0.003371
0.003996
0.004638
0.005299
0.005977
0.006675
0.007392
0.008130
0.008887
0.009666
0.010467
0.011289
0.012135
0.013004
0.013898
0.014816
0.015761
0.016731
0.017728
0.018754
0.019808
0.020891
0.022004
0.023149
0.024325
0.025535
0.026778
0.028056
0.029369
0.030719
0.032107
0.033534
0.035000
0.036507
0.038057
0.039650
0.041287
0.042970
0.044700
0.046479
0.048307
0.050186
0.052118
0.054104
0.056146
0.058245
0.060402
0.062620
0.064900
0.067244
0.069654
0.072131
0.074677
0.077295
0.079987
0.082753
0.085598
0.088522
0.091529
0.094620
0.097797
0.101064
0.104423
0.107877
0.111427
0.115077
0.118830
0.122689
0.126656
0.130736
0.134930
0.139242
0.143676
0.148235
0.152923
0.157744
0.162700
0.167797
0.173037
0.178426
0.183968
0.189666
0.195526
0.201552
0.207750
0.214122
0.220676
0.227417
0.234348
0.241477
0.248809
0.256350
0.264106
0.272082
0.280287
0.288726
0.297406
0.306334
0.315518
0.324965
0.334683
0.344680
0.354964
0.365543
0.376427
0.387624
0.399143
0.410995
0.423190
0.435736
0.448646
0.461929
0.475597
0.489662
0.504136
0.519031
0.534359
0.550134
0.566369
0.583079
0.600277
0.617979
0.636200
0.654956
0.674263
0.694139
0.714601
0.735666
0.757354
0.779684
0.802676
0.826350
0.850727
0.875830
0.901681
0.928303
0.955721
0.983960
1.013045
1.043003
1.073861
1.105648
1.138393
1.172125
1.206877
1.242680
1.279567
1.317572
1.356730
1.397078
1.438652
1.481490
1.525632
1.571118
1.617988
1.666285
1.716052
1.767333
1.820173
1.874616
1.930709
1.988498
2.048030
2.109351
2.172509
2.237548
2.304515
2.373454
2.444405
2.517410
2.592504
2.669721
2.749088
2.830628
2.914353
3.000271
3.088373
3.178644
3.271047
3.365530
3.462020
3.560414
3.660585
3.762364
3.865547
3.969878
4.075049
4.180688
4.286350
4.391511
4.495553
4.597758
4.697295
4.793212
4.884426
4.969722
5.047745
5.117007
5.175895
5.222690
5.255592
5.272758
5.272351
5.252593
5.211831
5.148604
5.061704
4.950238
4.813670
4.651848
4.465015
4.253789
4.019130
3.762294
3.484767
3.188204
2.874357
2.545019
2.201968
1.846924
1.481515
1.107252
0.725519
0.337562
-0.055512
-0.452731
-0.853250
-1.256346
-1.661404
-2.067910
-2.475440
-2.883650
-3.292267
-3.701080
-4.109932
-4.518717
-4.927368
-5.335854
-5.744179
-6.152372
-6.560487
-6.968600
-7.376805
-7.785212
-8.193946
-8.603147
-9.012964
-9.423558
-9.835100
-10.247769
-10.661751
-11.077243
-11.494445
-11.913565
-12.334816
-12.758414
-13.184580
-13.613536
-14.045504
-14.480705
-14.919353
-15.361657
-15.807810
-16.257987
-16.712337
-17.170974
-17.633962
-18.101303
-18.572914
-19.048608
-19.528059
-20.010765
-20.496004
-20.982779
-21.469750
-21.955163
-22.436763
-22.911711
-23.376502
-23.826902
-24.257925
-24.663875
-25.038477
-25.375134
-25.667301
-25.908980
-26.095259
-26.222817
-26.290296
-26.298430
-26.249927
-26.149105
-26.001389
-25.812750
-25.589206
-25.336414
-25.059396
-24.762375
-24.448710
-24.120883
-23.780534
-23.428491
-23.064812
-22.688796
-22.298977
-21.893074
-21.467904
-21.019231
-20.541537
-20.027692
-19.468469
-18.851850
-18.162000
-17.377748
-16.470291
-15.399696
-14.109691
-12.521104
-10.531743
-8.081077
-5.613927
-5.190983
-7.521186
-10.293322
-12.595317
-14.397717
-15.795998
-16.876549
-17.706279
-18.337078
-18.809913
-19.157435
-19.405669
-19.575253
-19.682443
-19.739945
-19.757634
-19.743130
-19.702280
-19.639528
-19.558213
-19.460786
-19.348986
-19.223956
-19.086331
-18.936292
-18.773589
-18.597542
-18.407009
-18.200318
-17.975162
-17.728430
-17.455954
-17.152135
-16.809370
-16.417173
-15.960803
-15.419052
-14.760606
-13.937926
-12.876796
-11.459193
-9.503135
-6.819953
-4.080910
-4.792597
-7.998450
-10.572797
-12.206668
-13.136322
-13.579295
-13.687315
-13.556675
-13.243692
-12.776928
-12.164861
-11.399431
-10.455796
-9.287690
-7.815827
-5.902794
-3.302582
0.363596
4.077509
1.315599
-3.383773
-6.957538
-9.715114
-11.951778
-13.831572
-15.446654
-16.850420
-18.074081
-19.135627
-20.045294
-20.809331
-21.432761
-21.921333
-22.282629
-22.526324
-22.663762
-22.707106
-22.668394
-22.558724
-22.387716
-22.163237
-21.891362
-21.576497
-21.221628
-20.828664
-20.398934
-19.933909
-19.436348
-18.912173
-18.373526
-17.843482
-17.362349
-16.993306
-16.820533
-16.929674
-17.370581
-18.128027
-19.129836
-20.283441
-21.507251
-22.741749
-23.946952
-25.095938
-26.169327
-27.151957
-28.031574
-28.798993
-29.449032
-29.981498
-30.401592
-30.719395
-30.948553
-31.104586
-31.203287
-31.259552
-31.286720
-31.296366
-31.298403
-31.301359
-31.312746
-31.339434
-31.388034
-31.465247
-31.578208
-31.734802
-31.943980
-32.216058
-32.563009
-32.998764
-33.539526
-34.204204
-35.015082
-35.999057
-37.190027
-38.633579
-40.396513
-42.587479
-45.407684
-49.305859
-55.694039
-86.999215
-57.434595
-52.015581
-49.280100
-47.702942
-46.836121
-46.513076
