-17.998471
-17.996179
-17.993824
-17.991405
-17.988920
-17.986368
-17.983746
-17.981052
-17.978286
-17.975444
-17.972525
-17.969527
-17.966448
-17.963285
-17.960037
-17.956701
-17.953274
-17.949755
-17.946141
-17.942429
-17.938618
-17.934703
-17.930684
-17.926556
-17.922318
-17.917965
-17.913496
-17.908908
-17.904196
-17.899359
-17.894393
-17.889294
-17.884059
-17.878685
-17.873168
-17.867504
-17.861691
-17.855723
-17.849597
-17.843310
-17.836857
-17.830234
-17.823437
-17.816461
-17.809303
-17.801957
-17.794418
-17.786684
-17.778747
-17.770605
-17.762250
-17.753680
-17.744887
-17.735868
-17.726616
-17.717127
-17.707393
-17.697411
-17.687174
-17.676675
-17.665909
-17.654871
-17.643552
-17.631948
-17.620052
-17.607856
-17.595355
-17.582542
-17.569409
-17.555949
-17.542157
-17.528023
-17.513541
-17.498704
-17.483503
-17.467932
-17.451981
-17.435645
-17.418913
-17.401780
-17.384235
-17.366272
-17.347881
-17.329054
-17.309783
-17.290059
-17.269873
-17.249216
-17.228081
-17.206457
-17.184336
-17.161709
-17.138566
-17.114899
-17.090698
-17.065954
-17.040658
-17.014801
-16.988372
-16.961364
-16.933765
-16.905568
-16.876762
-16.847339
-16.817288
-16.786601
-16.755268
-16.723280
-16.690627
-16.657301
-16.623292
-16.588592
-16.553190
-16.517079
-16.480249
-16.442691
-16.404397
-16.365359
-16.325568
-16.285014
-16.243692
-16.201591
-16.158705
-16.115025
-16.070544
-16.025255
-15.979150
-15.932222
-15.884464
-15.835869
-15.786431
-15.736144
-15.685001
-15.632997
-15.580126
-15.526381
-15.471759
-15.416254
-15.359861
-15.302575
-15.244392
-15.185308
-15.125320
-15.064422
-15.002613
-14.939888
-14.876245
-14.811680
-14.746192
-14.679778
-14.612435
-14.544162
-14.474958
-14.404820
-14.333747
-14.261738
-14.188792
-14.114909
-14.040087
-13.964326
-13.887626
-13.809987
-13.731408
-13.651890
-13.571432
-13.490035
-13.407700
-13.324425
-13.240213
-13.155064
-13.068977
-12.981954
-12.893995
-12.805100
-12.715270
-12.624506
-12.532807
-12.440174
-12.346608
-12.252108
-12.156674
-12.060306
-11.963004
-11.864767
-11.765595
-11.665487
-11.564441
-11.462457
-11.359531
-11.255664
-11.150852
-11.045092
-10.938382
-10.830719
-10.722099
-10.612517
-10.501970
-10.390451
-10.277957
-10.164480
-10.050015
-9.934554
-9.818089
-9.700613
-9.582117
-9.462590
-9.342024
-9.220406
-9.097725
-8.973969
-8.849125
-8.723178
-8.596113
-8.467914
-8.338564
-8.208046
-8.076340
-7.943426
-7.809283
-7.673889
-7.537219
-7.399248
-7.259951
-7.119299
-6.977262
-6.833811
-6.688912
-6.542530
-6.394630
-6.245174
-6.094121
-5.941429
-5.787054
-5.630949
-5.473065
-5.313350
-5.151750
-4.988207
-4.822662
-4.655049
-4.485303
-4.313353
-4.139125
-3.962540
-3.783515
-3.601965
-3.417797
-3.230914
-3.041214
-2.848589
-2.652926
-2.454102
-2.251992
-2.046461
-1.837366
-1.624555
-1.407870
-1.187141
-0.962189
-0.732824
-0.498843
-0.260035
-0.016171
0.232987
0.487696
0.748223
1.014856
1.287897
1.567663
1.854493
2.148740
2.450775
2.760984
3.079770
3.407543
3.744723
4.091728
4.448966
4.816821
5.195635
5.585676
5.987106
6.399927
6.823911
7.258511
7.702732
8.154974
8.612825
9.072813
9.530106
9.978213
10.408703
10.811068
11.172858
11.480260
11.719253
11.877300
11.945309
11.919295
11.801183
11.598416
11.322536
10.987260
10.606645
10.193724
9.759736
9.313850
8.863227
8.413256
7.967866
7.529819
7.100984
6.682556
6.275234
5.879351
5.494986
5.122034
4.760265
4.409367
4.068976
3.738697
3.418122
3.106837
2.804436
2.510519
2.224703
1.946618
1.675912
1.412249
1.155313
0.904803
0.660436
0.421944
0.189076
-0.038404
-0.260719
-0.478079
-0.690680
-0.898707
-1.102334
-1.301724
-1.497030
-1.688397
-1.875961
-2.059847
-2.240176
-2.417060
-2.590604
-2.760908
-2.928063
-3.092158
-3.253273
-3.411486
-3.566868
-3.719486
-3.869402
-4.016676
-4.161361
-4.303508
-4.443165
-4.580375
-4.715178
-4.847611
-4.977708
-5.105500
-5.231016
-5.354281
-5.475318
-5.594146
-5.710783
-5.825245
-5.937543
-6.047689
-6.155689
-6.261549
-6.365273
-6.466860
-6.566310
-6.663619
-6.758779
-6.851783
-6.942619
-7.031273
-7.117730
-7.201971
-7.283973
-7.363713
-7.441164
-7.516294
-7.589072
-7.659460
-7.727417
-7.792901
-7.855862
-7.916249
-7.974005
-8.029070
-8.081375
-8.130850
-8.177416
-8.220988
-8.261476
-8.298779
-8.332791
-8.363395
-8.390465
-8.413862
-8.433438
-8.449029
-8.460460
-8.467535
-8.470045
-8.467757
-8.460419
-8.447751
-8.429449
-8.405174
-8.374554
-8.337178
-8.292589
-8.240280
-8.179685
-8.110176
-8.031047
-7.941508
-7.840671
-7.727534
-7.600967
-7.459690
-7.302248
-7.126990
-6.932030
-6.715218
-6.474093
-6.205844
-5.907259
-5.574677
-5.203954
-4.790436
-4.328999
-3.814168
-3.240437
-2.602932
-1.898716
-1.129216
-0.304484
0.550057
1.384975
2.121366
2.661398
2.927046
2.909984
2.684126
2.366240
2.068016
1.874296
1.843560
2.014300
2.404344
2.987125
3.610999
3.843989
3.034258
1.037740
-1.585907
-4.347025
-7.067794
-9.717638
-12.237815
-14.251723
-14.645648
-12.500139
-8.442896
-2.988065
0.809426
-2.894749
-6.499521
-8.570748
-9.125104
-8.576001
-8.015287
-8.026521
-8.389688
-8.797951
-9.112029
-9.297780
-9.367294
-9.359850
-9.344547
-9.430298
-9.763670
-10.486943
-11.661493
-13.231886
-15.078052
-17.090526
-19.204304
-21.397480
-23.680936
-26.092484
-28.699850
-31.617573
-35.055539
-39.472546
-46.291104
-77.948358
-48.666826
-43.470012
-40.902499
-39.444137
-38.650288
-38.355909
