-0.017607
-0.017612
-0.017617
-0.017622
-0.017627
-0.017632
-0.017638
-0.017643
-0.017649
-0.017655
-0.017661
-0.017667
-0.017674
-0.017680
-0.017687
-0.017694
-0.017701
-0.017708
-0.017716
-0.017724
-0.017732
-0.017740
-0.017748
-0.017757
-0.017766
-0.017775
-0.017785
-0.017794
-0.017804
-0.017814
-0.017825
-0.017836
-0.017847
-0.017858
-0.017870
-0.017882
-0.017894
-0.017907
-0.017920
-0.017933
-0.017947
-0.017961
-0.017976
-0.017991
-0.018006
-0.018022
-0.018039
-0.018055
-0.018073
-0.018090
-0.018108
-0.018127
-0.018146
-0.018166
-0.018186
-0.018207
-0.018229
-0.018251
-0.018273
-0.018296
-0.018320
-0.018345
-0.018370
-0.018396
-0.018423
-0.018450
-0.018478
-0.018507
-0.018537
-0.018568
-0.018599
-0.018632
-0.018665
-0.018699
-0.018734
-0.018770
-0.018807
-0.018845
-0.018885
-0.018925
-0.018966
-0.019009
-0.019053
-0.019097
-0.019144
-0.019191
-0.019240
-0.019290
-0.019342
-0.019395
-0.019449
-0.019505
-0.019563
-0.019622
-0.019683
-0.019745
-0.019810
-0.019876
-0.019944
-0.020013
-0.020085
-0.020159
-0.020235
-0.020313
-0.020393
-0.020475
-0.020560
-0.020647
-0.020736
-0.020828
-0.020922
-0.021019
-0.021119
-0.021222
-0.021327
-0.021436
-0.021547
-0.021662
-0.021780
-0.021901
-0.022025
-0.022153
-0.022285
-0.022420
-0.022559
-0.022702
-0.022849
-0.023000
-0.023155
-0.023314
-0.023478
-0.023647
-0.023820
-0.023999
-0.024182
-0.024370
-0.024564
-0.024763
-0.024968
-0.025178
-0.025395
-0.025617
-0.025846
-0.026081
-0.026322
-0.026571
-0.026827
-0.027089
-0.027359
-0.027637
-0.027923
-0.028216
-0.028518
-0.028829
-0.029148
-0.029476
-0.029814
-0.030161
-0.030517
-0.030884
-0.031262
-0.031650
-0.032049
-0.032459
-0.032881
-0.033315
-0.033762
-0.034221
-0.034693
-0.035178
-0.035677
-0.036191
-0.036719
-0.037262
-0.037821
-0.038396
-0.038987
-0.039595
-0.040221
-0.040864
-0.041526
-0.042207
-0.042907
-0.043628
-0.044369
-0.045132
-0.045917
-0.046724
-0.047555
-0.048409
-0.049289
-0.050194
-0.051125
-0.052083
-0.053069
-0.054084
-0.055129
-0.056203
-0.057310
-0.058448
-0.059620
-0.060827
-0.062068
-0.063347
-0.064663
-0.066017
-0.067412
-0.068848
-0.070327
-0.071849
-0.073417
-0.075031
-0.076694
-0.078406
-0.080169
-0.081985
-0.083856
-0.085783
-0.087768
-0.089813
-0.091919
-0.094090
-0.096327
-0.098631
-0.101006
-0.103453
-0.105976
-0.108575
-0.111255
-0.114017
-0.116865
-0.119800
-0.122827
-0.125948
-0.129166
-0.132485
-0.135908
-0.139438
-0.143080
-0.146836
-0.150712
-0.154710
-0.158836
-0.163093
-0.167486
-0.172021
-0.176701
-0.181532
-0.186520
-0.191669
-0.196986
-0.202476
-0.208146
-0.214003
-0.220051
-0.226300
-0.232755
-0.239425
-0.246317
-0.253439
-0.260799
-0.268407
-0.276271
-0.284402
-0.292807
-0.301499
-0.310486
-0.319781
-0.329395
-0.339339
-0.349627
-0.360270
-0.371282
-0.382677
-0.394470
-0.406674
-0.419307
-0.432383
-0.445919
-0.459934
-0.474444
-0.489469
-0.505028
-0.521142
-0.537830
-0.555114
-0.573018
-0.591564
-0.610776
-0.630680
-0.651300
-0.672664
-0.694800
-0.717735
-0.741500
-0.766124
-0.791640
-0.818079
-0.845475
-0.873863
-0.903277
-0.933755
-0.965334
-0.998053
-1.031951
-1.067068
-1.103447
-1.141129
-1.180160
-1.220582
-1.262442
-1.305785
-1.350660
-1.397114
-1.445195
-1.494954
-1.546441
-1.599705
-1.654799
-1.711773
-1.770681
-1.831573
-1.894502
-1.959521
-2.026681
-2.096036
-2.167636
-2.241532
-2.317777
-2.396419
-2.477508
-2.561093
-2.647220
-2.735935
-2.827284
-2.921309
-3.018052
-3.117553
-3.219849
-3.324978
-3.432973
-3.543865
-3.657686
-3.774461
-3.894217
-4.016975
-4.142757
-4.271579
-4.403458
-4.538406
-4.676434
-4.817550
-4.961760
-5.109067
-5.259473
-5.412977
-5.569577
-5.729268
-5.892043
-6.057896
-6.226817
-6.398795
-6.573819
-6.751877
-6.932956
-7.117042
-7.304122
-7.494181
-7.687206
-7.883184
-8.082102
-8.283948
-8.488712
-8.696383
-8.906955
-9.120420
-9.336776
-9.556020
-9.778153
-10.003179
-10.231106
-10.461944
-10.695707
-10.932413
-11.172087
-11.414755
-11.660451
-11.909213
-12.161088
-12.416126
-12.674386
-12.935936
-13.200852
-13.469216
-13.741125
-14.016685
-14.296012
-14.579238
-14.866509
-15.157987
-15.453849
-15.754296
-16.059548
-16.369848
-16.685470
-17.006716
-17.333922
-17.667465
-18.007763
-18.355287
-18.710565
-19.074192
-19.446839
-19.829268
-20.222344
-20.627059
-21.044548
-21.476123
-21.923306
-22.387875
-22.871920
-23.377919
-23.908833
-24.468236
-25.060490
-25.690982
-26.366465
-27.095542
-27.889388
-28.762854
-29.736240
-30.838258
-32.111326
-33.621782
-35.481797
-37.903938
-41.372654
-47.480850
-72.588051
-46.234536
-40.224515
-36.546149
-33.827402
-31.624265
-29.734204
-28.045924
-26.489944
-25.018215
-23.594259
-22.187717
-20.770865
-19.315937
-17.792583
-16.164860
-14.387020
-12.396853
-10.104345
-7.371993
-3.988354
0.257399
4.200248
3.395124
0.656608
-1.401906
-3.174284
-5.501497
-8.680809
-12.198260
-15.528627
-18.451930
-20.928468
-22.998237
-24.737614
-26.235650
-27.579096
-28.845666
-30.104061
-31.418016
-32.852760
-34.484815
-36.421167
-38.849052
-42.201133
-47.768883
-49.287404
-42.402535
-44.549914
-49.364192
-55.058093
-58.897898
-56.909419
-54.467385
-52.925661
-52.028954
-51.574064
-51.458776
-51.633268
-51.993316
-52.210602
-52.019868
-51.662877
-51.382121
-51.203684
-51.090165
-51.010001
-50.945443
-50.888587
-50.837362
-50.792804
-50.757316
-50.733568
-50.723787
