-0.003159
-0.003032
-0.002901
-0.002766
-0.002627
-0.002485
-0.002339
-0.002188
-0.002034
-0.001875
-0.001712
-0.001544
-0.001371
-0.001194
-0.001012
-0.000825
-0.000632
-0.000434
-0.000231
-0.000022
0.000193
0.000414
0.000640
0.000874
0.001113
0.001360
0.001613
0.001873
0.002141
0.002416
0.002698
0.002989
0.003287
0.003594
0.003909
0.004233
0.004567
0.004909
0.005261
0.005623
0.005994
0.006376
0.006769
0.007173
0.007588
0.008014
0.008452
0.008903
0.009366
0.009842
0.010331
0.010833
0.011350
0.011881
0.012427
0.012988
0.013565
0.014157
0.014767
0.015393
0.016036
0.016698
0.017378
0.018077
0.018795
0.019533
0.020292
0.021072
0.021873
0.022697
0.023544
0.024415
0.025309
0.026229
0.027174
0.028146
0.029144
0.030171
0.031226
0.032310
0.033425
0.034571
0.035748
0.036958
0.038203
0.039481
0.040796
0.042147
0.043536
0.044963
0.046430
0.047938
0.049489
0.051082
0.052720
0.054403
0.056134
0.057913
0.059741
0.061620
0.063552
0.065538
0.067579
0.069678
0.071834
0.074051
0.076330
0.078673
0.081081
0.083556
0.086101
0.088716
0.091405
0.094169
0.097010
0.099930
0.102933
0.106019
0.109192
0.112453
0.115806
0.119253
0.122796
0.126438
0.130182
0.134032
0.137989
0.142057
0.146240
0.150539
0.154960
0.159504
0.164176
0.168979
0.173917
0.178994
0.184213
0.189579
0.195096
0.200769
0.206601
0.212597
0.218762
0.225101
0.231618
0.238319
0.245210
0.252294
0.259579
0.267070
0.274772
0.282692
0.290836
0.299210
0.307822
0.316677
0.325784
0.335149
0.344779
0.354683
0.364869
0.375344
0.386117
0.397197
0.408592
0.420312
0.432367
0.444765
0.457518
0.470636
0.484129
0.498008
0.512286
0.526973
0.542081
0.557624
0.573615
0.590065
0.606990
0.624404
0.642320
0.660755
0.679724
0.699243
0.719328
0.739997
0.761268
0.783158
0.805688
0.828875
0.852742
0.877308
0.902595
0.928625
0.955423
0.983011
1.011414
1.040659
1.070770
1.101777
1.133708
1.166591
1.200457
1.235339
1.271268
1.308279
1.346408
1.385689
1.426163
1.467867
1.510843
1.555133
1.600782
1.647835
1.696341
1.746347
1.797908
1.851075
1.905905
1.962457
2.020790
2.080970
2.143061
2.207132
2.273257
2.341509
2.411968
2.484717
2.559841
2.637431
2.717581
2.800391
2.885966
2.974414
3.065850
3.160396
3.258179
3.359334
3.464002
3.572332
3.684484
3.800623
3.920928
4.045586
4.174797
4.308773
4.447739
4.591935
4.741620
4.897067
5.058571
5.226447
5.401034
5.582698
5.771833
5.968864
6.174254
6.388505
6.612164
6.845828
7.090152
7.345857
7.613734
7.894665
8.189624
8.499704
8.826124
9.170265
9.533685
9.918164
10.325741
10.758775
11.220010
11.712669
12.240577
12.808320
13.421465
14.086866
14.813103
15.611115
16.495169
17.484362
18.605108
19.895418
21.412876
23.250782
25.575014
28.722872
33.528704
41.516319
36.698766
30.645269
26.991096
24.428604
22.470644
20.895926
19.586619
18.472891
17.510119
16.668175
15.925857
15.267773
14.682481
14.161331
13.697717
13.286572
12.924028
12.607180
12.333916
12.102813
11.913057
11.764402
11.657158
11.592198
11.570998
11.595701
11.669227
11.795422
11.979283
12.227278
12.547815
12.951941
13.454412
14.075411
14.843405
15.800214
17.010711
18.583324
20.719946
23.865989
29.355269
40.712796
28.611246
22.535587
18.770996
16.006925
13.803309
11.960120
10.369754
8.967764
7.712568
6.575841
5.537481
4.582770
3.700667
2.882739
2.122459
1.414736
0.755592
0.141925
-0.428648
-0.957915
-1.447148
-1.897168
-2.308382
-2.680809
-3.014089
-3.307481
-3.559847
-3.769623
-3.934776
-4.052736
-4.120314
-4.133576
-4.087687
-3.976687
-3.793184
-3.527921
-3.169157
-2.701744
-2.105721
-1.354098
-0.409203
0.783578
2.306917
4.291004
6.937106
10.406456
13.212753
11.147593
7.559186
4.791334
2.809114
1.435460
0.579122
0.227790
0.452377
1.460322
3.806286
9.572723
17.345888
2.757551
-3.532805
-7.836069
-11.194399
-13.974075
-16.342895
-18.386740
-20.148925
-21.645110
-22.867551
-23.781850
-24.313786
-24.314534
-23.461009
-20.882821
-12.992060
-19.760266
-29.205907
-35.284251
-40.090171
-44.231467
-47.965984
-51.428064
-54.697423
-57.825940
-60.849885
-63.796173
-66.685866
-69.536286
-72.362384
-75.177698
-77.995081
-80.827320
-83.687714
-86.590679
-89.552427
-92.591745
-95.730859
-98.996124
-102.417595
-106.024109
-109.822671
-113.728798
-117.392929
-120.101226
-121.485221
-122.136758
-122.734659
-123.582907
-124.792373
-126.444274
-128.680701
-131.793061
-136.039534
-136.875027
-131.084091
-125.498351
-120.609837
-118.974794
-121.897935
-125.328555
-128.272383
-130.804638
-133.027337
-134.996793
-136.743598
-138.291330
-139.666943
-140.903373
-142.036853
-143.102474
-144.130634
-145.145357
-146.164119
-147.198488
-148.254979
-149.335798
-150.439379
-151.560727
-152.691701
-153.821420
-154.937013
-156.024924
-157.072791
-158.071676
-159.018081
-159.915061
-160.772049
-161.603471
-162.426744
-163.260321
-164.122281
-165.029587
-165.997956
-167.042156
-168.176582
-169.416012
-170.776514
-172.276548
-173.938348
-175.789741
-177.866558
-180.215602
-182.896847
-185.977158
-189.477821
-193.124744
-195.787775
-196.466815
-196.342335
-196.647122
-197.861188
-200.431355
-205.724052
-236.126320
-205.823015
-199.810819
-196.616001
-194.706809
-193.632586
-193.227278
