0.034670
0.036169
0.037709
0.039293
0.040921
0.042594
0.044314
0.046083
0.047900
0.049769
0.051690
0.053664
0.055694
0.057780
0.059925
0.062130
0.064397
0.066727
0.069123
0.071585
0.074117
0.076719
0.079395
0.082146
0.084973
0.087881
0.090869
0.093942
0.097101
0.100349
0.103688
0.107120
0.110650
0.114278
0.118009
0.121845
0.125789
0.129843
0.134013
0.138299
0.142707
0.147238
0.151898
0.156689
0.161616
0.166682
0.171891
0.177247
0.182755
0.188419
0.194243
0.200233
0.206392
0.212726
0.219240
0.225939
0.232828
0.239913
0.247200
0.254695
0.262402
0.270330
0.278484
0.286871
0.295497
0.304370
0.313497
0.322886
0.332543
0.342478
0.352698
0.363211
0.374027
0.385154
0.396602
0.408381
0.420499
0.432968
0.445797
0.458998
0.472582
0.486560
0.500944
0.515747
0.530981
0.546660
0.562796
0.579404
0.596498
0.614094
0.632206
0.650851
0.670045
0.689805
0.710148
0.731093
0.752658
0.774863
0.797728
0.821274
0.845522
0.870494
0.896213
0.922703
0.949989
0.978095
1.007049
1.036877
1.067607
1.099269
1.131892
1.165509
1.200150
1.235849
1.272642
1.310563
1.349649
1.389939
1.431473
1.474291
1.518435
1.563949
1.610879
1.659270
1.709172
1.760633
1.813705
1.868440
1.924894
1.983121
2.043180
2.105128
2.169027
2.234938
2.302924
2.373049
2.445377
2.519975
2.596907
2.676241
2.758041
2.842372
2.929297
3.018877
3.111169
3.206226
3.304095
3.404816
3.508419
3.614924
3.724334
3.836638
3.951801
4.069763
4.190435
4.313688
4.439353
4.567204
4.696958
4.828258
4.960663
5.093635
5.226522
5.358549
5.488794
5.616177
5.739444
5.857155
5.967679
6.069188
6.159672
6.236957
6.298742
6.342651
6.366305
6.367408
6.343845
6.293784
6.215776
6.108842
5.972527
5.806937
5.612725
5.391051
5.143510
4.872044
4.578834
4.266204
3.936520
3.592118
3.235233
2.867959
2.492212
2.109723
1.722026
1.330463
0.936196
0.540218
0.143371
-0.253644
-0.650245
-1.045956
-1.440394
-1.833255
-2.224304
-2.613363
-3.000303
-3.385036
-3.767510
-4.147702
-4.525612
-4.901261
-5.274687
-5.645940
-6.015083
-6.382188
-6.747332
-7.110601
-7.472082
-7.831868
-8.190055
-8.546738
-8.902016
-9.255988
-9.608752
-9.960408
-10.311054
-10.660789
-11.009710
-11.357913
-11.705493
-12.052543
-12.399156
-12.745421
-13.091428
-13.437261
-13.783005
-14.128739
-14.474543
-14.820489
-15.166647
-15.513085
-15.859862
-16.207033
-16.554648
-16.902747
-17.251362
-17.600518
-17.950225
-18.300483
-18.651275
-19.002570
-19.354317
-19.706441
-20.058845
-20.411401
-20.763950
-21.116297
-21.468204
-21.819388
-22.169513
-22.518184
-22.864945
-23.209265
-23.550541
-23.888086
-24.221124
-24.548791
-24.870129
-25.184088
-25.489531
-25.785238
-26.069924
-26.342252
-26.600858
-26.844381
-27.071496
-27.280948
-27.471598
-27.642458
-27.792729
-27.921832
-28.029428
-28.115435
-28.180027
-28.223620
-28.246858
-28.250576
-28.235767
-28.203542
-28.155088
-28.091629
-28.014393
-27.924573
-27.823310
-27.711665
-27.590609
-27.461007
-27.323614
-27.179070
-27.027897
-26.870500
-26.707167
-26.538068
-26.363256
-26.182667
-25.996117
-25.803298
-25.603773
-25.396967
-25.182156
-24.958453
-24.724786
-24.479877
-24.222210
-23.949995
-23.661119
-23.353094
-23.022979
-22.667301
-22.281942
-21.862007
-21.401653
-20.893875
-20.330223
-19.700435
-18.991923
-18.189050
-17.272053
-16.215359
-14.984809
-13.532822
-11.789380
-9.644125
-6.908660
-3.243734
1.714564
4.155587
0.078056
-3.401783
-5.716446
-7.290019
-8.370246
-9.094195
-9.542301
-9.764057
-9.790512
-9.640765
-9.325578
-8.849600
-8.213086
-7.413930
-6.451359
-5.333916
-4.096915
-2.836001
-1.748698
-1.112322
-1.095730
-1.575650
-2.258846
-2.900070
-3.358330
-3.561743
-3.477166
-3.117005
-2.615255
-2.400357
-3.164395
-5.056071
-7.428113
-9.718202
-11.712018
-13.369970
-14.712334
-15.777560
-16.608037
-17.244355
-17.722596
-18.073218
-18.320969
-18.485402
-18.581655
-18.621285
-18.613012
-18.563353
-18.477113
-18.357774
-18.207786
-18.028781
-17.821742
-17.587123
-17.324943
-17.034872
-16.716298
-16.368407
-15.990286
-15.581064
-15.140119
-14.667418
-14.164027
-13.632913
-13.080151
-12.516643
-11.960358
-11.438694
-10.989751
-10.660198
-10.497119
-10.534194
-10.778532
-11.207390
-11.777395
-12.439198
-13.148814
-13.872505
-14.586847
-15.276681
-15.932733
-16.549621
-17.124415
-17.655659
-18.142737
-18.585473
-18.983882
-19.338016
-19.647870
-19.913318
-20.134074
-20.309657
-20.439355
-20.522184
-20.556842
-20.541633
-20.474383
-20.352317
-20.171899
-19.928619
-19.616699
-19.228702
-18.754987
-18.182965
-17.496084
-16.672509
-15.683693
-14.494013
-13.066571
-11.396002
-9.641733
-8.470785
-8.941535
-10.885005
-13.224442
-15.426054
-17.385157
-19.120681
-20.672145
-22.075579
-23.359791
-24.547156
-25.655059
-26.697151
-27.684310
-28.625333
-29.527443
-30.396662
-31.238084
-32.056073
-32.854428
-33.636495
-34.405268
-35.163459
-35.913563
-36.657907
-37.398698
-38.138057
-38.878057
-39.620756
-40.368229
-41.122602
-41.886087
-42.661018
-43.449903
-44.255465
-45.080715
-45.929019
-46.804206
-47.710681
-48.653603
-49.639097
-50.674564
-51.769116
-52.934203
-54.184556
-55.539675
-57.026238
-58.682297
-60.565075
-62.766904
-65.452300
-68.962486
-74.224991
-86.427191
-81.511941
-73.938272
-70.367005
-68.165125
-66.683449
-65.664417
-64.984531
-64.580965
-64.425054
