-0.041245
-0.041983
-0.042741
-0.043520
-0.044320
-0.045143
-0.045988
-0.046857
-0.047750
-0.048668
-0.049611
-0.050580
-0.051576
-0.052600
-0.053652
-0.054733
-0.055844
-0.056986
-0.058159
-0.059365
-0.060604
-0.061878
-0.063187
-0.064532
-0.065914
-0.067334
-0.068794
-0.070294
-0.071835
-0.073419
-0.075047
-0.076720
-0.078439
-0.080206
-0.082021
-0.083886
-0.085803
-0.087773
-0.089797
-0.091877
-0.094014
-0.096211
-0.098467
-0.100787
-0.103169
-0.105618
-0.108134
-0.110719
-0.113376
-0.116105
-0.118910
-0.121792
-0.124753
-0.127795
-0.130922
-0.134133
-0.137434
-0.140824
-0.144308
-0.147887
-0.151565
-0.155343
-0.159225
-0.163213
-0.167310
-0.171520
-0.175844
-0.180287
-0.184851
-0.189540
-0.194356
-0.199304
-0.204387
-0.209609
-0.214973
-0.220482
-0.226142
-0.231955
-0.237927
-0.244060
-0.250360
-0.256830
-0.263476
-0.270302
-0.277312
-0.284511
-0.291905
-0.299499
-0.307297
-0.315305
-0.323528
-0.331972
-0.340643
-0.349546
-0.358688
-0.368074
-0.377710
-0.387604
-0.397762
-0.408190
-0.418895
-0.429884
-0.441164
-0.452743
-0.464627
-0.476825
-0.489344
-0.502192
-0.515377
-0.528907
-0.542791
-0.557037
-0.571653
-0.586649
-0.602034
-0.617817
-0.634006
-0.650612
-0.667644
-0.685112
-0.703026
-0.721396
-0.740232
-0.759544
-0.779344
-0.799640
-0.820446
-0.841771
-0.863626
-0.886022
-0.908971
-0.932485
-0.956573
-0.981249
-1.006523
-1.032408
-1.058915
-1.086055
-1.113841
-1.142284
-1.171396
-1.201188
-1.231674
-1.262863
-1.294768
-1.327400
-1.360771
-1.394892
-1.429774
-1.465427
-1.501863
-1.539093
-1.577125
-1.615971
-1.655639
-1.696139
-1.737480
-1.779671
-1.822718
-1.866630
-1.911414
-1.957077
-2.003623
-2.051058
-2.099387
-2.148614
-2.198741
-2.249771
-2.301705
-2.354544
-2.408287
-2.462933
-2.518481
-2.574926
-2.632264
-2.690490
-2.749596
-2.809577
-2.870422
-2.932121
-2.994663
-3.058036
-3.122225
-3.187216
-3.252992
-3.319535
-3.386827
-3.454847
-3.523575
-3.592988
-3.663063
-3.733775
-3.805099
-3.877010
-3.949480
-4.022483
-4.095991
-4.169977
-4.244414
-4.319277
-4.394538
-4.470174
-4.546163
-4.622485
-4.699123
-4.776064
-4.853299
-4.930825
-5.008646
-5.086774
-5.165228
-5.244041
-5.323256
-5.402932
-5.483145
-5.563990
-5.645584
-5.728069
-5.811618
-5.896434
-5.982758
-6.070873
-6.161105
-6.253834
-6.349495
-6.448582
-6.551657
-6.659349
-6.772362
-6.891476
-7.017547
-7.151504
-7.294348
-7.447145
-7.611010
-7.787097
-7.976578
-8.180618
-8.400349
-8.636840
-8.891064
-9.163865
-9.455931
-9.767769
-10.099679
-10.451749
-10.823848
-11.215632
-11.626556
-12.055899
-12.502786
-12.966223
-13.445125
-13.938350
-14.444728
-14.963090
-15.492288
-16.031215
-16.578819
-17.134113
-17.696186
-18.264199
-18.837392
-19.415081
-19.996657
-20.581578
-21.169370
-21.759620
-22.351970
-22.946114
-23.541792
-24.138787
-24.736917
-25.336036
-25.936025
-26.536795
-27.138277
-27.740426
-28.343212
-28.946625
-29.550665
-30.155348
-30.760699
-31.366755
-31.973559
-32.581165
-33.189630
-33.799021
-34.409407
-35.020864
-35.633472
-36.247314
-36.862478
-37.479056
-38.097140
-38.716828
-39.338219
-39.961416
-40.586523
-41.213646
-41.842896
-42.474382
-43.108220
-43.744525
-44.383413
-45.025006
-45.669424
-46.316792
-46.967234
-47.620878
-48.277853
-48.938289
-49.602318
-50.270074
-50.941690
-51.617302
-52.297044
-52.981053
-53.669464
-54.362409
-55.060020
-55.762427
-56.469755
-57.182124
-57.899646
-58.622427
-59.350560
-60.084126
-60.823188
-61.567792
-62.317956
-63.073671
-63.834891
-64.601531
-65.373452
-66.150458
-66.932281
-67.718573
-68.508888
-69.302667
-70.099225
-70.897726
-71.697168
-72.496360
-73.293904
-74.088173
-74.877301
-75.659170
-76.431412
-77.191420
-77.936375
-78.663291
-79.369075
-80.050613
-80.704869
-81.328991
-81.920421
-82.477000
-82.997049
-83.479421
-83.923520
-84.329292
-84.697177
-85.028046
-85.323122
-85.583904
-85.812095
-86.009539
-86.178178
-86.320013
-86.437081
-86.531439
-86.605149
-86.660268
-86.698832
-86.722850
-86.734284
-86.735036
-86.726940
-86.711740
-86.691090
-86.666540
-86.639531
-86.611394
-86.583353
-86.556521
-86.531910
-86.510432
-86.492913
-86.480090
-86.472629
-86.471128
-86.476124
-86.488104
-86.507513
-86.534759
-86.570218
-86.614248
-86.667187
-86.729366
-86.801107
-86.882739
-86.974593
-87.077015
-87.190368
-87.315038
-87.451443
-87.600037
-87.761316
-87.935830
-88.124189
-88.327074
-88.545250
-88.779578
-89.031036
-89.300734
-89.589942
-89.900119
-90.232951
-90.590397
-90.974747
-91.388702
-91.835472
-92.318903
-92.843663
-93.415479
-94.041478
-94.730684
-95.494735
-96.349005
-97.314373
-98.420199
-99.709627
-101.249814
-103.153848
-105.635334
-109.179895
-115.381773
-140.602015
-114.382648
-108.529893
-105.034242
-102.526369
-100.565448
-98.952702
-97.581307
-96.387159
-95.328734
-94.377571
-93.513290
-92.720781
-91.988514
-91.307470
-90.670445
-90.071573
-89.505991
-88.969601
-88.458890
-87.970792
-87.502584
-87.051795
-86.616131
-86.193409
-85.781487
-85.378197
-84.981265
-84.588222
-84.196282
-83.802187
-83.401987
-82.990732
-82.562005
-82.107219
-81.614499
-81.066854
-80.439069
-79.692171
-78.763056
-77.543981
-75.840001
-73.286791
-69.438841
-67.764079
-72.470500
-76.247172
-78.395559
-79.442677
-79.774907
-79.619353
-79.076332
-78.151557
-76.773926
-74.795372
-71.976051
-68.072780
-64.549713
-66.349068
-69.621380
-71.932545
-73.426215
-74.260646
-74.303894
-72.808489
-67.511980
-56.297293
-67.107096
-70.817971
-72.522232
-73.440377
-73.962151
-74.242394
-74.345286
