-0.492540
-0.505162
-0.518096
-0.531350
-0.544930
-0.558843
-0.573097
-0.587698
-0.602654
-0.617973
-0.633661
-0.649725
-0.666175
-0.683017
-0.700260
-0.717910
-0.735977
-0.754467
-0.773390
-0.792753
-0.812565
-0.832833
-0.853567
-0.874774
-0.896463
-0.918643
-0.941322
-0.964508
-0.988210
-1.012436
-1.037196
-1.062498
-1.088350
-1.114761
-1.141740
-1.169295
-1.197435
-1.226168
-1.255502
-1.285447
-1.316010
-1.347201
-1.379026
-1.411494
-1.444614
-1.478392
-1.512838
-1.547959
-1.583762
-1.620255
-1.657446
-1.695340
-1.733947
-1.773272
-1.813321
-1.854103
-1.895623
-1.937886
-1.980900
-2.024670
-2.069201
-2.114498
-2.160567
-2.207413
-2.255039
-2.303450
-2.352651
-2.402645
-2.453435
-2.505025
-2.557417
-2.610615
-2.664620
-2.719434
-2.775060
-2.831498
-2.888751
-2.946818
-3.005700
-3.065398
-3.125911
-3.187239
-3.249381
-3.312337
-3.376104
-3.440682
-3.506068
-3.572260
-3.639255
-3.707052
-3.775646
-3.845034
-3.915213
-3.986179
-4.057927
-4.130454
-4.203753
-4.277821
-4.352652
-4.428240
-4.504580
-4.581667
-4.659493
-4.738053
-4.817339
-4.897346
-4.978066
-5.059492
-5.141617
-5.224434
-5.307934
-5.392111
-5.476956
-5.562461
-5.648618
-5.735419
-5.822855
-5.910918
-5.999600
-6.088892
-6.178785
-6.269270
-6.360338
-6.451981
-6.544190
-6.636955
-6.730267
-6.824118
-6.918499
-7.013399
-7.108810
-7.204723
-7.301129
-7.398017
-7.495380
-7.593208
-7.691491
-7.790220
-7.889386
-7.988980
-8.088993
-8.189415
-8.290236
-8.391449
-8.493042
-8.595008
-8.697337
-8.800020
-8.903047
-9.006408
-9.110096
-9.214099
-9.318410
-9.423018
-9.527913
-9.633088
-9.738531
-9.844233
-9.950184
-10.056375
-10.162795
-10.269435
-10.376285
-10.483333
-10.590569
-10.697984
-10.805565
-10.913302
-11.021184
-11.129198
-11.237334
-11.345578
-11.453919
-11.562344
-11.670839
-11.779390
-11.887984
-11.996606
-12.105241
-12.213873
-12.322486
-12.431063
-12.539586
-12.648037
-12.756396
-12.864644
-12.972758
-13.080718
-13.188500
-13.296079
-13.403430
-13.510527
-13.617340
-13.723840
-13.829995
-13.935773
-14.041137
-14.146052
-14.250478
-14.354374
-14.457695
-14.560397
-14.662429
-14.763740
-14.864276
-14.963977
-15.062784
-15.160630
-15.257447
-15.353163
-15.447699
-15.540974
-15.632902
-15.723391
-15.812345
-15.899661
-15.985232
-16.068944
-16.150676
-16.230302
-16.307688
-16.382693
-16.455170
-16.524964
-16.591910
-16.655839
-16.716572
-16.773920
-16.827690
-16.877678
-16.923671
-16.965450
-17.002787
-17.035445
-17.063182
-17.085746
-17.102879
-17.114316
-17.119787
-17.119016
-17.111720
-17.097615
-17.076411
-17.047817
-17.011536
-16.967274
-16.914733
-16.853615
-16.783622
-16.704458
-16.615827
-16.517431
-16.408977
-16.290169
-16.160713
-16.020313
-15.868671
-15.705488
-15.530460
-15.343275
-15.143617
-14.931161
-14.705571
-14.466499
-14.213588
-13.946465
-13.664752
-13.368060
-13.056001
-12.728193
-12.384279
-12.023947
-11.646963
-11.253215
-10.842782
-10.416027
-9.973723
-9.517230
-9.048730
-8.571532
-8.090458
-7.612283
-7.146202
-6.704185
-6.301052
-5.953966
-5.681081
-5.499251
-5.421144
-5.452613
-5.591358
-5.827500
-6.145778
-6.528458
-6.957946
-7.418539
-7.897264
-8.384001
-8.871224
-9.353556
-9.827313
-10.290090
-10.740423
-11.177523
-11.601079
-12.011110
-12.407857
-12.791706
-13.163134
-13.522671
-13.870869
-14.208290
-14.535487
-14.853002
-15.161352
-15.461036
-15.752526
-16.036268
-16.312686
-16.582176
-16.845112
-17.101846
-17.352707
-17.598004
-17.838030
-18.073055
-18.303337
-18.529115
-18.750616
-18.968053
-19.181625
-19.391521
-19.597918
-19.800982
-20.000873
-20.197737
-20.391716
-20.582942
-20.771540
-20.957630
-21.141323
-21.322725
-21.501936
-21.679052
-21.854162
-22.027352
-22.198701
-22.368285
-22.536175
-22.702438
-22.867136
-23.030328
-23.192068
-23.352404
-23.511381
-23.669040
-23.825414
-23.980533
-24.134418
-24.287087
-24.438548
-24.588799
-24.737831
-24.885622
-25.032137
-25.177325
-25.321117
-25.463424
-25.604129
-25.743085
-25.880111
-26.014977
-26.147404
-26.277047
-26.403482
-26.526189
-26.644533
-26.757734
-26.864835
-26.964663
-27.055778
-27.136408
-27.204376
-27.257000
-27.290981
-27.302263
-27.285869
-27.235704
-27.144342
-27.002784
-26.800199
-26.523670
-26.157930
-25.685093
-25.084342
-24.331509
-23.398513
-22.252897
-20.859009
-19.187393
-17.257611
-15.292559
-14.029623
-14.365049
-15.931745
-17.774670
-19.464581
-20.922628
-22.170884
-23.248455
-24.191033
-25.027520
-25.780671
-26.468407
-27.105005
-27.702031
-28.269052
-28.814171
-29.344439
-29.866179
-30.385262
-30.907339
-31.438063
-31.983318
-32.549471
-33.143671
-33.774236
-34.451184
-35.186986
-35.997704
-36.904781
-37.938036
-39.140974
-40.581024
-42.371474
-44.726047
-48.130422
-54.178827
-79.232231
-52.832518
-46.785700
-43.081992
-40.351724
-38.153647
-36.288482
-34.648814
-33.169854
-31.809282
-30.537722
-29.333745
-28.181037
-27.066688
-25.980105
-24.912289
-23.855331
-22.802060
-21.745799
-20.680200
-19.599206
-18.497154
-17.369171
-16.212112
-15.026543
-13.820759
-12.618519
-11.472608
-10.483857
-9.812995
-9.651167
-10.132804
-11.277898
-13.069549
-15.612324
-19.152529
-21.649709
-17.435108
-12.810942
-10.086975
-9.057489
-9.064566
-9.517355
-10.108009
-10.714127
-11.294620
-11.839972
-12.352708
-12.840232
-13.312541
-13.782013
-14.264281
-14.779491
-15.350923
-15.980238
-16.445783
-14.955799
-5.358249
-0.776932
-7.652777
-9.973251
-11.161514
-11.892743
-12.392233
-12.756265
-13.032714
-13.247964
-13.417657
-13.551548
-13.655913
-13.734818
-13.790821
-13.825365
-13.838973
