-24.091156
-24.091030
-24.090901
-24.090768
-24.090632
-24.090492
-24.090348
-24.090200
-24.090047
-24.089891
-24.089730
-24.089565
-24.089395
-24.089221
-24.089041
-24.088857
-24.088668
-24.088473
-24.088273
-24.088067
-24.087855
-24.087638
-24.087415
-24.087185
-24.086949
-24.086707
-24.086457
-24.086201
-24.085938
-24.085667
-24.085389
-24.085103
-24.084810
-24.084508
-24.084197
-24.083878
-24.083550
-24.083213
-24.082867
-24.082511
-24.082145
-24.081769
-24.081382
-24.080985
-24.080577
-24.080157
-24.079726
-24.079283
-24.078827
-24.078359
-24.077877
-24.077383
-24.076874
-24.076352
-24.075814
-24.075262
-24.074695
-24.074112
-24.073512
-24.072896
-24.072263
-24.071612
-24.070943
-24.070256
-24.069549
-24.068823
-24.068076
-24.067309
-24.066521
-24.065710
-24.064877
-24.064021
-24.063141
-24.062236
-24.061307
-24.060351
-24.059369
-24.058359
-24.057322
-24.056256
-24.055159
-24.054033
-24.052875
-24.051685
-24.050462
-24.049204
-24.047912
-24.046584
-24.045219
-24.043816
-24.042374
-24.040891
-24.039368
-24.037802
-24.036192
-24.034538
-24.032837
-24.031090
-24.029293
-24.027447
-24.025549
-24.023598
-24.021593
-24.019532
-24.017414
-24.015237
-24.012999
-24.010699
-24.008335
-24.005905
-24.003407
-24.000839
-23.998200
-23.995488
-23.992700
-23.989834
-23.986888
-23.983861
-23.980749
-23.977550
-23.974262
-23.970882
-23.967408
-23.963837
-23.960166
-23.956394
-23.952515
-23.948529
-23.944432
-23.940220
-23.935890
-23.931440
-23.926865
-23.922163
-23.917330
-23.912361
-23.907254
-23.902004
-23.896607
-23.891059
-23.885357
-23.879495
-23.873469
-23.867275
-23.860907
-23.854362
-23.847633
-23.840716
-23.833605
-23.826296
-23.818781
-23.811057
-23.803115
-23.794952
-23.786559
-23.777932
-23.769062
-23.759944
-23.750570
-23.740933
-23.731026
-23.720840
-23.710369
-23.699603
-23.688535
-23.677155
-23.665456
-23.653428
-23.641061
-23.628347
-23.615274
-23.601833
-23.588014
-23.573805
-23.559195
-23.544173
-23.528728
-23.512846
-23.496516
-23.479724
-23.462457
-23.444702
-23.426445
-23.407671
-23.388365
-23.368512
-23.348095
-23.327100
-23.305508
-23.283303
-23.260467
-23.236981
-23.212826
-23.187984
-23.162433
-23.136154
-23.109124
-23.081322
-23.052725
-23.023310
-22.993053
-22.961928
-22.929911
-22.896974
-22.863091
-22.828233
-22.792371
-22.755475
-22.717514
-22.678457
-22.638271
-22.596920
-22.554371
-22.510588
-22.465531
-22.419164
-22.371446
-22.322336
-22.271790
-22.219766
-22.166217
-22.111096
-22.054355
-21.995943
-21.935808
-21.873897
-21.810153
-21.744518
-21.676933
-21.607336
-21.535663
-21.461847
-21.385819
-21.307508
-21.226841
-21.143739
-21.058125
-20.969914
-20.879022
-20.785359
-20.688832
-20.589347
-20.486802
-20.381094
-20.272116
-20.159754
-20.043891
-19.924407
-19.801173
-19.674059
-19.542925
-19.407628
-19.268018
-19.123938
-18.975224
-18.821705
-18.663202
-18.499527
-18.330484
-18.155866
-17.975459
-17.789035
-17.596357
-17.397174
-17.191223
-16.978228
-16.757896
-16.529921
-16.293976
-16.049718
-15.796785
-15.534791
-15.263330
-14.981967
-14.690244
-14.387671
-14.073725
-13.747852
-13.409456
-13.057900
-12.692502
-12.312531
-11.917196
-11.505650
-11.076975
-10.630180
-10.164188
-9.677832
-9.169842
-8.638830
-8.083282
-7.501538
-6.891781
-6.252010
-5.580031
-4.873427
-4.129546
-3.345483
-2.518074
-1.643910
-0.719383
0.259201
1.295398
2.392204
3.551288
4.771652
6.047368
7.364014
8.693662
9.989588
11.184927
12.203224
12.985860
13.523860
13.866690
14.099131
14.309007
14.568277
14.929367
15.428064
16.084966
16.898794
17.821934
18.706370
19.245576
19.075137
18.123476
16.700230
15.153511
13.676846
12.343137
11.168752
10.148878
9.272425
8.527622
7.903892
7.392303
6.985498
6.677437
6.463101
6.338168
6.298680
6.340683
6.459827
6.650913
6.907379
7.220762
7.580173
7.971894
8.379219
8.782557
9.159524
9.484086
9.722783
9.825396
9.709460
9.248623
8.295654
6.764015
4.705008
2.278582
-0.343632
-3.036567
-5.725527
-8.370357
-10.950890
-13.457777
-15.887402
-18.239172
-20.514058
-22.713804
-24.840475
-26.896183
-28.882928
-30.802484
-32.656323
-34.445550
-36.170846
-37.832409
-39.429877
-40.962242
-42.427732
-43.823646
-45.146132
-46.389875
-47.547638
-48.609589
-49.562266
-50.386937
-51.056867
-51.532499
-51.752280
-51.613417
-50.925439
-49.272099
-45.419419
-32.763731
-47.298731
-55.254100
-60.538107
-64.735484
-68.338395
-71.563987
-74.527406
-77.297161
-79.917388
-82.418239
-84.821258
-87.142404
-89.393845
-91.585088
-93.723716
-95.815885
-97.866667
-99.880300
-101.860367
-103.809929
-105.731627
-107.627759
-109.500339
-111.351148
-113.181771
-114.993624
-116.787984
-118.566009
-120.328750
-122.077173
-123.812164
-125.534545
-127.245079
-128.944479
-130.633415
-132.312522
-133.982401
-135.643627
-137.296752
-138.942313
-140.580828
-142.212809
-143.838761
-145.459184
-147.074581
-148.685461
-150.292341
-151.895750
-153.496240
-155.094382
-156.690781
-158.286076
-159.880951
-161.476141
-163.072448
-164.670746
-166.271999
-167.877278
-169.487783
-171.104862
-172.730053
-174.365110
-176.012061
-177.673267
-179.351499
-181.050048
-182.772856
-184.524709
-186.311491
-188.140546
-190.021202
-191.965551
-193.989647
-196.115436
-198.374020
-200.811544
-203.500735
-206.566162
-210.249163
-215.123089
-223.279736
-235.224283
-221.319907
-217.067211
-214.768955
-213.336570
-212.390912
-211.754475
-211.329614
-211.056744
-210.896743
-210.822479
-210.814305
-210.857495
-210.940682
-211.054875
-211.192804
-211.348479
-211.516877
-211.693724
-211.875326
-212.058451
-212.240237
-212.418120
-212.589781
-212.753102
-212.906135
-213.047074
-213.174236
-213.286044
-213.381019
-213.457772
-213.515002
-213.551494
-213.566126
