0.005665
0.006429
0.007214
0.008021
0.008851
0.009704
0.010581
0.011482
0.012408
0.013360
0.014338
0.015344
0.016378
0.017440
0.018533
0.019655
0.020809
0.021995
0.023215
0.024468
0.025756
0.027080
0.028441
0.029840
0.031278
0.032756
0.034276
0.035837
0.037443
0.039093
0.040789
0.042533
0.044325
0.046167
0.048061
0.050008
0.052009
0.054066
0.056181
0.058355
0.060589
0.062886
0.065247
0.067674
0.070170
0.072735
0.075371
0.078082
0.080869
0.083733
0.086678
0.089705
0.092818
0.096017
0.099306
0.102688
0.106164
0.109738
0.113412
0.117189
0.121073
0.125065
0.129170
0.133390
0.137729
0.142190
0.146776
0.151492
0.156340
0.161325
0.166450
0.171720
0.177139
0.182710
0.188439
0.194329
0.200386
0.206614
0.213018
0.219604
0.226376
0.233339
0.240501
0.247865
0.255438
0.263226
0.271235
0.279472
0.287943
0.296655
0.305615
0.314831
0.324309
0.334058
0.344086
0.354400
0.365009
0.375922
0.387147
0.398694
0.410573
0.422793
0.435365
0.448298
0.461604
0.475294
0.489379
0.503872
0.518784
0.534127
0.549916
0.566164
0.582883
0.600090
0.617799
0.636024
0.654783
0.674090
0.693964
0.714422
0.735481
0.757161
0.779481
0.802461
0.826122
0.850485
0.875572
0.901407
0.928013
0.955415
0.983639
1.012711
1.042658
1.073509
1.105295
1.138044
1.171790
1.206565
1.242404
1.279342
1.317417
1.356666
1.397130
1.438851
1.481873
1.526239
1.571998
1.619198
1.667890
1.718128
1.769968
1.823466
1.878685
1.935686
1.994537
2.055307
2.118068
2.182895
2.249870
2.319074
2.390596
2.464527
2.540965
2.620010
2.701770
2.786357
2.873890
2.964494
3.058302
3.155454
3.256098
3.360390
3.468498
3.580599
3.696879
3.817540
3.942795
4.072872
4.208015
4.348484
4.494560
4.646545
4.804761
4.969558
5.141316
5.320442
5.507383
5.702622
5.906688
6.120160
6.343673
6.577927
6.823695
7.081836
7.353305
7.639171
7.940635
8.259054
8.595968
8.953134
9.332577
9.736636
10.168043
10.630014
11.126373
11.661712
12.241621
12.872997
13.564488
14.327147
15.175414
16.128662
17.213726
18.469289
19.953991
21.762777
24.063634
27.191986
31.910160
38.245038
33.516274
28.106396
24.598661
22.060851
20.081411
18.461864
17.093269
15.909821
14.868875
13.941287
13.106304
12.348657
11.656812
11.021870
10.436845
9.896172
9.395373
8.930809
8.499508
8.099035
7.727394
7.382952
7.064388
6.770647
6.500906
6.254554
6.031169
5.830508
5.652498
5.497230
5.364964
5.256127
5.171324
5.111345
5.077186
5.070064
5.091446
5.143075
5.227012
5.345674
5.501883
5.698914
5.940536
6.231031
6.575150
6.977939
7.444275
7.977816
8.578759
9.239266
9.934716
10.608951
11.156330
11.420155
11.246109
10.585233
9.535287
8.262092
6.906431
5.554391
4.248693
3.006534
1.832089
0.723511
-0.323513
-1.314040
-2.253087
-3.145295
-3.994814
-4.805289
-5.579893
-6.321372
-7.032098
-7.714114
-8.369180
-8.998811
-9.604308
-10.186788
-10.747208
-11.286383
-11.805008
-12.303671
-12.782865
-13.243002
-13.684422
-14.107401
-14.512159
-14.898868
-15.267654
-15.618605
-15.951772
-16.267173
-16.564795
-16.844591
-17.106482
-17.350353
-17.576049
-17.783370
-17.972063
-18.141809
-18.292214
-18.422793
-18.532950
-18.621958
-18.688937
-18.732819
-18.752326
-18.745934
-18.711840
-18.647938
-18.551801
-18.420684
-18.251574
-18.041302
-17.786776
-17.485408
-17.135845
-16.739152
-16.300661
-15.832593
-15.357326
-14.910293
-14.539987
-14.301194
-14.239538
-14.373097
-14.684001
-15.127189
-15.648837
-16.201605
-16.751176
-17.276143
-17.765094
-18.213372
-18.620490
-18.988322
-19.319942
-19.618912
-19.888868
-20.133294
-20.355405
-20.558106
-20.743982
-20.915309
-21.074087
-21.222059
-21.360744
-21.491468
-21.615381
-21.733489
-21.846666
-21.955677
-22.061192
-22.163795
-22.264002
-22.362263
-22.458977
-22.554497
-22.649134
-22.743162
-22.836828
-22.930350
-23.023922
-23.117720
-23.211899
-23.306600
-23.401950
-23.498063
-23.595044
-23.692987
-23.791978
-23.892097
-23.993416
-24.096004
-24.199922
-24.305229
-24.411981
-24.520228
-24.630021
-24.741406
-24.854429
-24.969133
-25.085562
-25.203756
-25.323758
-25.445609
-25.569348
-25.695019
-25.822661
-25.952318
-26.084032
-26.217847
-26.353808
-26.491961
-26.632355
-26.775039
-26.920064
-27.067485
-27.217358
-27.369740
-27.524694
-27.682283
-27.842575
-28.005641
-28.171554
-28.340394
-28.512242
-28.687186
-28.865318
-29.046734
-29.231537
-29.419835
-29.611743
-29.807384
-30.006885
-30.210385
-30.418029
-30.629972
-30.846379
-31.067426
-31.293301
-31.524204
-31.760351
-32.001971
-32.249311
-32.502637
-32.762233
-33.028407
-33.301492
-33.581847
-33.869862
-34.165960
-34.470604
-34.784297
-35.107591
-35.441093
-35.785470
-36.141460
-36.509882
-36.891647
-37.287777
-37.699416
-38.127859
-38.574575
-39.041243
-39.529792
-40.042457
-40.581851
-41.151047
-41.753708
-42.394241
-43.078024
-43.811714
-44.603697
-45.464751
-46.409065
-47.455856
-48.632093
-49.977315
-51.552893
-53.461689
-55.896162
-59.284832
-64.956917
-88.710611
-65.882634
-59.306722
-55.323923
-52.241092
-49.475693
-46.678116
-43.569797
-40.119070
-37.668765
-38.340993
-40.189370
-41.589872
-42.439180
-42.901715
-43.119562
-43.188230
-43.168494
-43.098663
-43.003049
-42.897308
-42.791705
-42.693118
-42.606275
-42.534520
-42.480300
-42.445464
-42.431446
