-0.014217
-0.014178
-0.014137
-0.014095
-0.014052
-0.014008
-0.013963
-0.013916
-0.013868
-0.013819
-0.013768
-0.013716
-0.013662
-0.013607
-0.013551
-0.013493
-0.013433
-0.013372
-0.013308
-0.013244
-0.013177
-0.013108
-0.013038
-0.012966
-0.012891
-0.012815
-0.012736
-0.012655
-0.012572
-0.012487
-0.012399
-0.012309
-0.012217
-0.012122
-0.012024
-0.011923
-0.011820
-0.011714
-0.011604
-0.011492
-0.011377
-0.011258
-0.011136
-0.011011
-0.010883
-0.010750
-0.010614
-0.010475
-0.010331
-0.010183
-0.010032
-0.009876
-0.009715
-0.009551
-0.009381
-0.009207
-0.009029
-0.008845
-0.008656
-0.008462
-0.008262
-0.008057
-0.007846
-0.007630
-0.007407
-0.007178
-0.006943
-0.006701
-0.006452
-0.006197
-0.005935
-0.005665
-0.005387
-0.005102
-0.004809
-0.004508
-0.004199
-0.003881
-0.003554
-0.003218
-0.002873
-0.002518
-0.002153
-0.001778
-0.001393
-0.000997
-0.000590
-0.000171
0.000259
0.000701
0.001155
0.001622
0.002102
0.002595
0.003102
0.003623
0.004158
0.004709
0.005274
0.005856
0.006453
0.007068
0.007699
0.008348
0.009015
0.009700
0.010404
0.011129
0.011873
0.012638
0.013424
0.014232
0.015062
0.015916
0.016793
0.017695
0.018622
0.019574
0.020553
0.021560
0.022594
0.023657
0.024750
0.025873
0.027027
0.028213
0.029433
0.030686
0.031974
0.033298
0.034659
0.036058
0.037496
0.038973
0.040492
0.042053
0.043658
0.045307
0.047002
0.048744
0.050535
0.052375
0.054267
0.056212
0.058210
0.060264
0.062376
0.064546
0.066777
0.069069
0.071426
0.073848
0.076338
0.078897
0.081527
0.084231
0.087010
0.089866
0.092802
0.095820
0.098922
0.102110
0.105388
0.108756
0.112219
0.115778
0.119436
0.123196
0.127061
0.131034
0.135118
0.139315
0.143630
0.148065
0.152624
0.157310
0.162127
0.167079
0.172169
0.177400
0.182778
0.188307
0.193989
0.199831
0.205835
0.212008
0.218353
0.224875
0.231580
0.238472
0.245558
0.252841
0.260329
0.268025
0.275938
0.284072
0.292434
0.301030
0.309867
0.318952
0.328292
0.337893
0.347764
0.357912
0.368345
0.379071
0.390098
0.401435
0.413091
0.425074
0.437395
0.450062
0.463086
0.476476
0.490244
0.504400
0.518956
0.533922
0.549310
0.565133
0.581403
0.598133
0.615336
0.633026
0.651217
0.669923
0.689160
0.708943
0.729287
0.750209
0.771726
0.793855
0.816615
0.840023
0.864099
0.888862
0.914332
0.940531
0.967480
0.995202
1.023718
1.053054
1.083232
1.114280
1.146222
1.179086
1.212899
1.247691
1.283491
1.320329
1.358238
1.397250
1.437400
1.478722
1.521253
1.565031
1.610094
1.656484
1.704241
1.753410
1.804035
1.856164
1.909843
1.965125
2.022060
2.080704
2.141112
2.203344
2.267460
2.333523
2.401600
2.471759
2.544073
2.618616
2.695465
2.774704
2.856416
2.940690
3.027621
3.117306
3.209846
3.305350
3.403929
3.505702
3.610793
3.719333
3.831460
3.947319
4.067064
4.190856
4.318868
4.451281
4.588288
4.730094
4.876916
5.028987
5.186554
5.349882
5.519254
5.694973
5.877365
6.066782
6.263602
6.468234
6.681121
6.902745
7.133629
7.374345
7.625520
7.887841
8.162065
8.449028
8.749659
9.064991
9.396179
9.744522
10.111483
10.498722
10.908133
11.341886
11.802487
12.292847
12.816372
13.377079
13.979744
14.630093
15.335048
16.103049
16.944450
17.871989
18.901243
20.050755
21.340808
22.787709
24.384201
26.041669
27.462589
28.073455
27.503960
26.124057
24.507889
22.953780
21.550962
20.307208
19.206704
18.229672
17.358095
16.576956
15.874117
15.239870
14.666477
14.147779
13.678891
13.255962
12.876007
12.536768
12.236627
11.974543
11.750011
11.563050
11.414208
11.304592
11.235924
11.210626
11.231949
11.304149
11.432741
11.624864
11.889792
12.239701
12.690795
13.265047
13.992895
14.917469
16.100886
17.630939
19.608806
21.977019
23.578996
22.054508
18.760741
15.632854
12.974510
10.704927
8.727306
6.970846
5.386759
3.941325
2.610915
1.378797
0.233080
-0.834615
-1.830060
-2.757057
-3.617906
-4.413777
-5.145023
-5.811440
-6.412494
-6.947513
-7.415820
-7.816814
-8.149967
-8.414742
-8.610423
-8.735841
-8.789005
-8.766593
-8.663273
-8.470753
-8.176380
-7.760944
-7.195040
-6.432597
-5.398569
-3.963754
-1.891343
1.238379
5.049525
2.421923
-3.281495
-7.816011
-11.556430
-14.885010
-18.040022
-21.205083
-24.576096
-28.450966
-33.481088
-42.109048
-50.069759
-38.110727
-33.744434
-31.082335
-29.139303
-27.554167
-26.150121
-24.825844
-23.517915
-22.184818
-20.798624
-19.339541
-17.791578
-16.138588
-14.360239
-12.427183
-10.293980
-7.886457
-5.075010
-1.608010
3.091945
10.605694
13.223391
6.292806
2.602396
0.362728
-1.127957
-2.160479
-2.878917
-3.362922
-3.659159
-3.795191
-3.786149
-3.637959
-3.348624
-2.908068
-2.296506
-1.480674
-0.406120
1.019002
2.961728
5.768512
10.337463
19.220004
13.488044
6.831958
2.953920
0.301970
-1.620148
-2.999829
-3.887069
-4.227417
-3.817437
-2.093143
2.924837
4.850029
-6.871756
-13.741626
-18.916254
-23.201769
-26.860189
-29.977473
-32.589609
-34.746545
-36.529911
-38.033261
-39.333446
-40.474577
-41.466589
-42.293367
-42.927580
-43.349473
-43.562437
-43.596712
-43.500174
-43.324299
-43.113902
-42.903189
-42.716223
-42.569156
-42.472581
-42.433324
