-0.019190
-0.019208
-0.019227
-0.019247
-0.019267
-0.019288
-0.019309
-0.019331
-0.019353
-0.019377
-0.019400
-0.019425
-0.019450
-0.019475
-0.019502
-0.019529
-0.019557
-0.019586
-0.019615
-0.019645
-0.019677
-0.019709
-0.019742
-0.019775
-0.019810
-0.019846
-0.019882
-0.019920
-0.019959
-0.019999
-0.020039
-0.020081
-0.020125
-0.020169
-0.020214
-0.020261
-0.020309
-0.020359
-0.020410
-0.020462
-0.020515
-0.020570
-0.020627
-0.020685
-0.020745
-0.020806
-0.020869
-0.020934
-0.021000
-0.021069
-0.021139
-0.021211
-0.021285
-0.021361
-0.021440
-0.021520
-0.021602
-0.021687
-0.021774
-0.021864
-0.021955
-0.022050
-0.022147
-0.022246
-0.022348
-0.022453
-0.022561
-0.022672
-0.022786
-0.022903
-0.023023
-0.023146
-0.023272
-0.023402
-0.023536
-0.023672
-0.023813
-0.023958
-0.024106
-0.024258
-0.024414
-0.024575
-0.024739
-0.024909
-0.025082
-0.025260
-0.025443
-0.025631
-0.025824
-0.026021
-0.026224
-0.026433
-0.026646
-0.026866
-0.027091
-0.027322
-0.027559
-0.027802
-0.028051
-0.028307
-0.028570
-0.028839
-0.029115
-0.029398
-0.029688
-0.029986
-0.030292
-0.030605
-0.030926
-0.031255
-0.031592
-0.031938
-0.032292
-0.032655
-0.033027
-0.033408
-0.033799
-0.034199
-0.034609
-0.035028
-0.035458
-0.035898
-0.036349
-0.036810
-0.037282
-0.037765
-0.038259
-0.038765
-0.039282
-0.039812
-0.040353
-0.040906
-0.041471
-0.042049
-0.042639
-0.043242
-0.043859
-0.044488
-0.045130
-0.045785
-0.046454
-0.047136
-0.047832
-0.048541
-0.049264
-0.050000
-0.050750
-0.051514
-0.052291
-0.053082
-0.053885
-0.054702
-0.055533
-0.056375
-0.057231
-0.058098
-0.058978
-0.059869
-0.060771
-0.061684
-0.062606
-0.063538
-0.064479
-0.065427
-0.066382
-0.067344
-0.068310
-0.069280
-0.070252
-0.071226
-0.072199
-0.073170
-0.074137
-0.075098
-0.076052
-0.076995
-0.077926
-0.078841
-0.079738
-0.080615
-0.081466
-0.082290
-0.083081
-0.083837
-0.084553
-0.085224
-0.085846
-0.086413
-0.086919
-0.087359
-0.087727
-0.088016
-0.088219
-0.088329
-0.088339
-0.088241
-0.088026
-0.087687
-0.087214
-0.086599
-0.085833
-0.084908
-0.083813
-0.082542
-0.081085
-0.079436
-0.077586
-0.075532
-0.073268
-0.070792
-0.068104
-0.065208
-0.062110
-0.058822
-0.055359
-0.051746
-0.048014
-0.044201
-0.040360
-0.036555
-0.032863
-0.029381
-0.026224
-0.023529
-0.021459
-0.020203
-0.019983
-0.021052
-0.023699
-0.028248
-0.035061
-0.044535
-0.057100
-0.073215
-0.093358
-0.118020
-0.147690
-0.182840
-0.223909
-0.271285
-0.325282
-0.386127
-0.453942
-0.528734
-0.610385
-0.698659
-0.793201
-0.893555
-0.999180
-1.109471
-1.223785
-1.341466
-1.461869
-1.584377
-1.708421
-1.833494
-1.959157
-2.085046
-2.210868
-2.336405
-2.461506
-2.586081
-2.710094
-2.833559
-2.956528
-3.079088
-3.201350
-3.323448
-3.445533
-3.567765
-3.690314
-3.813353
-3.937060
-4.061611
-4.187183
-4.313949
-4.442080
-4.571743
-4.703103
-4.836318
-4.971544
-5.108932
-5.248629
-5.390778
-5.535518
-5.682986
-5.833314
-5.986633
-6.143069
-6.302746
-6.465789
-6.632317
-6.802449
-6.976303
-7.153996
-7.335643
-7.521358
-7.711256
-7.905451
-8.104056
-8.307186
-8.514955
-8.727477
-8.944867
-9.167243
-9.394720
-9.627417
-9.865454
-10.108952
-10.358033
-10.612822
-10.873445
-11.140030
-11.412707
-11.691608
-11.976868
-12.268622
-12.567009
-12.872167
-13.184239
-13.503367
-13.829694
-14.163363
-14.504516
-14.853296
-15.209840
-15.574283
-15.946754
-16.327373
-16.716251
-17.113485
-17.519153
-17.933313
-18.355997
-18.787202
-19.226885
-19.674956
-20.131266
-20.595595
-21.067644
-21.547019
-22.033214
-22.525602
-23.023411
-23.525719
-24.031434
-24.539289
-25.047842
-25.555481
-26.060447
-26.560864
-27.054798
-27.540330
-28.015642
-28.479133
-28.929528
-29.366007
-29.788305
-30.196809
-30.592612
-30.977546
-31.354174
-31.725754
-32.096195
-32.470005
-32.852248
-33.248543
-33.665089
-34.108762
-34.587286
-35.109514
-35.685849
-36.328901
-37.054488
-37.883212
-38.843087
-39.974114
-41.336920
-43.030719
-45.236126
-48.340673
-53.468784
-69.044030
-56.624375
-49.470045
-45.508110
-42.732527
-40.583924
-38.825115
-37.333090
-36.035745
-34.887157
-33.856246
-32.920987
-32.065188
-31.276591
-30.545678
-29.864911
-29.228207
-28.630586
-28.067909
-27.536702
-27.034012
-26.557308
-26.104402
-25.673386
-25.262584
-24.870519
-24.495874
-24.137475
-23.794265
-23.465293
-23.149694
-22.846683
-22.555542
-22.275611
-22.006287
-21.747009
-21.497261
-21.256561
-21.024464
-20.800552
-20.584435
-20.375748
-20.174147
-19.979307
-19.790925
-19.608710
-19.432389
-19.261701
-19.096400
-18.936249
-18.781022
-18.630502
-18.484481
-18.342759
-18.205143
-18.071444
-17.941481
-17.815074
-17.692050
-17.572238
-17.455467
-17.341569
-17.230376
-17.121718
-17.015426
-16.911323
-16.809231
-16.708965
-16.610330
-16.513122
-16.417123
-16.322100
-16.227798
-16.133937
-16.040210
-15.946267
-15.851717
-15.756108
-15.658918
-15.559537
-15.457242
-15.351165
-15.240260
-15.123238
-14.998504
-14.864047
-14.717300
-14.554931
-14.372542
-14.164213
-13.921804
-13.633841
-13.283698
-12.846486
-12.283527
-11.531986
-10.484361
-8.945922
-6.552544
-2.858891
-1.333049
-6.183155
-10.098402
-12.380365
-13.556157
-14.012244
-13.975799
-13.547201
-12.732210
-11.459764
-9.581821
-6.858553
-3.046783
0.389338
-1.492392
-4.842484
-7.226799
-8.788944
-9.687115
-9.789302
-8.347954
-3.100528
8.070157
-2.778449
-6.522791
-8.255037
-9.195513
-9.733781
-10.024472
-10.131539
