-0.016454
-0.016518
-0.016585
-0.016653
-0.016723
-0.016796
-0.016870
-0.016946
-0.017024
-0.017105
-0.017188
-0.017273
-0.017360
-0.017450
-0.017542
-0.017637
-0.017735
-0.017835
-0.017938
-0.018044
-0.018153
-0.018265
-0.018380
-0.018498
-0.018619
-0.018744
-0.018873
-0.019004
-0.019140
-0.019279
-0.019423
-0.019570
-0.019721
-0.019876
-0.020036
-0.020200
-0.020369
-0.020543
-0.020721
-0.020904
-0.021092
-0.021286
-0.021485
-0.021689
-0.021899
-0.022115
-0.022337
-0.022566
-0.022800
-0.023041
-0.023289
-0.023543
-0.023805
-0.024074
-0.024350
-0.024634
-0.024926
-0.025226
-0.025534
-0.025851
-0.026177
-0.026512
-0.026856
-0.027210
-0.027573
-0.027947
-0.028331
-0.028725
-0.029131
-0.029547
-0.029976
-0.030416
-0.030869
-0.031334
-0.031812
-0.032303
-0.032808
-0.033327
-0.033860
-0.034408
-0.034971
-0.035550
-0.036145
-0.036757
-0.037385
-0.038031
-0.038695
-0.039377
-0.040079
-0.040799
-0.041540
-0.042301
-0.043084
-0.043888
-0.044714
-0.045564
-0.046436
-0.047333
-0.048255
-0.049203
-0.050177
-0.051178
-0.052206
-0.053263
-0.054350
-0.055467
-0.056614
-0.057793
-0.059005
-0.060251
-0.061531
-0.062847
-0.064199
-0.065589
-0.067017
-0.068485
-0.069993
-0.071543
-0.073136
-0.074773
-0.076456
-0.078185
-0.079962
-0.081789
-0.083665
-0.085594
-0.087576
-0.089614
-0.091707
-0.093858
-0.096069
-0.098341
-0.100676
-0.103076
-0.105542
-0.108076
-0.110680
-0.113356
-0.116106
-0.118932
-0.121836
-0.124821
-0.127888
-0.131039
-0.134278
-0.137606
-0.141026
-0.144540
-0.148151
-0.151862
-0.155675
-0.159593
-0.163619
-0.167757
-0.172008
-0.176376
-0.180865
-0.185477
-0.190217
-0.195086
-0.200090
-0.205231
-0.210514
-0.215941
-0.221518
-0.227249
-0.233136
-0.239185
-0.245400
-0.251786
-0.258346
-0.265087
-0.272012
-0.279127
-0.286436
-0.293946
-0.301661
-0.309587
-0.317729
-0.326094
-0.334687
-0.343515
-0.352583
-0.361898
-0.371467
-0.381297
-0.391394
-0.401765
-0.412418
-0.423360
-0.434599
-0.446143
-0.458000
-0.470177
-0.482684
-0.495529
-0.508721
-0.522268
-0.536181
-0.550468
-0.565140
-0.580206
-0.595677
-0.611562
-0.627873
-0.644621
-0.661816
-0.679470
-0.697595
-0.716203
-0.735306
-0.754916
-0.775046
-0.795710
-0.816920
-0.838690
-0.861033
-0.883965
-0.907500
-0.931652
-0.956436
-0.981868
-1.007963
-1.034738
-1.062208
-1.090391
-1.119302
-1.148960
-1.179381
-1.210584
-1.242587
-1.275408
-1.309065
-1.343578
-1.378967
-1.415250
-1.452448
-1.490580
-1.529668
-1.569732
-1.610794
-1.652874
-1.695993
-1.740175
-1.785441
-1.831813
-1.879313
-1.927966
-1.977792
-2.028817
-2.081062
-2.134552
-2.189310
-2.245360
-2.302726
-2.361432
-2.421502
-2.482960
-2.545831
-2.610138
-2.675906
-2.743160
-2.811924
-2.882221
-2.954076
-3.027514
-3.102558
-3.179232
-3.257560
-3.337565
-3.419272
-3.502702
-3.587879
-3.674826
-3.763565
-3.854119
-3.946509
-4.040757
-4.136884
-4.234911
-4.334858
-4.436747
-4.540596
-4.646425
-4.754254
-4.864100
-4.975983
-5.089920
-5.205928
-5.324026
-5.444230
-5.566556
-5.691020
-5.817640
-5.946429
-6.077404
-6.210580
-6.345971
-6.483594
-6.623461
-6.765590
-6.909993
-7.056687
-7.205686
-7.357005
-7.510661
-7.666670
-7.825047
-7.985811
-8.148979
-8.314571
-8.482605
-8.653103
-8.826088
-9.001582
-9.179611
-9.360203
-9.543386
-9.729192
-9.917656
-10.108813
-10.302704
-10.499372
-10.698864
-10.901231
-11.106530
-11.314821
-11.526170
-11.740651
-11.958343
-12.179332
-12.403714
-12.631593
-12.863085
-13.098314
-13.337419
-13.580552
-13.827882
-14.079594
-14.335892
-14.597003
-14.863179
-15.134699
-15.411873
-15.695048
-15.984612
-16.280998
-16.584695
-16.896252
-17.216291
-17.545517
-17.884733
-18.234859
-18.596947
-18.972217
-19.362081
-19.768188
-20.192476
-20.637237
-21.105206
-21.599676
-22.124648
-22.685043
-23.286995
-23.938258
-24.648820
-25.431809
-26.304925
-27.292774
-28.430914
-29.773357
-31.407827
-33.490984
-36.346479
-40.839968
-51.466211
-47.897536
-39.125889
-34.675009
-31.609116
-29.233651
-27.273343
-25.592677
-24.117190
-22.804216
-21.630030
-20.583382
-19.661660
-18.867942
-18.208104
-17.687740
-17.309199
-17.069410
-16.959171
-16.964030
-17.066302
-17.247369
-17.489594
-17.777510
-18.098303
-18.441813
-18.800235
-19.167733
-19.540028
-19.914049
-20.287628
-20.659277
-21.028001
-21.393163
-21.754389
-22.111489
-22.464402
-22.813161
-23.157857
-23.498626
-23.835624
-24.169026
-24.499011
-24.825759
-25.149445
-25.470241
-25.788307
-26.103797
-26.416850
-26.727597
-27.036157
-27.342633
-27.647120
-27.949696
-28.250427
-28.549365
-28.846548
-29.141994
-29.435709
-29.727679
-30.017868
-30.306222
-30.592660
-30.877077
-31.159334
-31.439262
-31.716651
-31.991247
-32.262747
-32.530791
-32.794952
-33.054729
-33.309541
-33.558710
-33.801461
-34.036918
-34.264109
-34.481991
-34.689516
-34.885750
-35.070116
-35.242836
-35.405735
-35.563645
-35.726779
-35.914468
-36.160215
-36.516379
-37.052895
-37.840747
-38.917149
-40.252011
-41.747302
-43.272770
-44.710096
-45.982526
-47.064245
-47.972073
-48.747594
-49.440258
-50.097779
-50.764201
-51.483562
-52.308234
-53.314342
-54.633475
-56.528936
-59.614648
-65.550827
-68.442123
-61.526302
-59.104552
-59.483404
-62.047488
-64.088012
-61.589353
-59.545687
-58.865543
-59.067383
-59.916056
-61.357160
-63.329922
-65.490701
-67.021685
-67.342333
-66.900137
-66.305093
-65.792475
-65.395134
-65.092312
-64.858832
-64.676122
-64.532698
-64.422375
-64.342438
-64.292237
-64.272242
