-5.361035
-5.445657
-5.530948
-5.616901
-5.703507
-5.790759
-5.878648
-5.967167
-6.056307
-6.146059
-6.236416
-6.327369
-6.418910
-6.511030
-6.603720
-6.696972
-6.790778
-6.885129
-6.980017
-7.075432
-7.171367
-7.267813
-7.364761
-7.462204
-7.560132
-7.658538
-7.757412
-7.856748
-7.956536
-8.056769
-8.157438
-8.258536
-8.360054
-8.461986
-8.564322
-8.667055
-8.770179
-8.873684
-8.977565
-9.081813
-9.186421
-9.291382
-9.396690
-9.502336
-9.608316
-9.714620
-9.821244
-9.928181
-10.035423
-10.142965
-10.250801
-10.358924
-10.467329
-10.576010
-10.684960
-10.794175
-10.903648
-11.013375
-11.123349
-11.233566
-11.344020
-11.454707
-11.565622
-11.676759
-11.788114
-11.899683
-12.011461
-12.123443
-12.235625
-12.348004
-12.460574
-12.573333
-12.686275
-12.799398
-12.912698
-13.026170
-13.139812
-13.253620
-13.367590
-13.481720
-13.596007
-13.710447
-13.825037
-13.939775
-14.054657
-14.169681
-14.284845
-14.400145
-14.515580
-14.631147
-14.746844
-14.862668
-14.978618
-15.094691
-15.210886
-15.327200
-15.443632
-15.560180
-15.676843
-15.793618
-15.910505
-16.027501
-16.144606
-16.261818
-16.379136
-16.496560
-16.614087
-16.731716
-16.849448
-16.967281
-17.085214
-17.203247
-17.321379
-17.439609
-17.557937
-17.676362
-17.794885
-17.913504
-18.032220
-18.151033
-18.269942
-18.388947
-18.508048
-18.627247
-18.746541
-18.865933
-18.985423
-19.105010
-19.224695
-19.344479
-19.464363
-19.584347
-19.704432
-19.824619
-19.944909
-20.065303
-20.185801
-20.306406
-20.427119
-20.547940
-20.668871
-20.789914
-20.911071
-21.032343
-21.153731
-21.275238
-21.396867
-21.518618
-21.640494
-21.762497
-21.884630
-22.006895
-22.129295
-22.251833
-22.374510
-22.497331
-22.620298
-22.743415
-22.866685
-22.990110
-23.113695
-23.237444
-23.361360
-23.485447
-23.609710
-23.734152
-23.858778
-23.983592
-24.108600
-24.233806
-24.359216
-24.484834
-24.610665
-24.736717
-24.862994
-24.989502
-25.116248
-25.243239
-25.370480
-25.497979
-25.625743
-25.753779
-25.882095
-26.010698
-26.139598
-26.268802
-26.398320
-26.528160
-26.658331
-26.788844
-26.919707
-27.050933
-27.182531
-27.314513
-27.446890
-27.579673
-27.712876
-27.846511
-27.980592
-28.115131
-28.250143
-28.385643
-28.521646
-28.658168
-28.795226
-28.932835
-29.071014
-29.209781
-29.349155
-29.489156
-29.629804
-29.771120
-29.913125
-30.055844
-30.199300
-30.343517
-30.488522
-30.634340
-30.781000
-30.928530
-31.076961
-31.226324
-31.376651
-31.527978
-31.680338
-31.833770
-31.988312
-32.144005
-32.300890
-32.459011
-32.618416
-32.779151
-32.941269
-33.104820
-33.269862
-33.436452
-33.604651
-33.774523
-33.946136
-34.119560
-34.294871
-34.472145
-34.651466
-34.832922
-35.016603
-35.202608
-35.391039
-35.582005
-35.775621
-35.972009
-36.171300
-36.373631
-36.579148
-36.788009
-37.000380
-37.216439
-37.436377
-37.660397
-37.888720
-38.121579
-38.359229
-38.601943
-38.850014
-39.103764
-39.363536
-39.629709
-39.902691
-40.182930
-40.470916
-40.767187
-41.072334
-41.387011
-41.711942
-42.047932
-42.395881
-42.756793
-43.131803
-43.522191
-43.929412
-44.355128
-44.801252
-45.269992
-45.763925
-46.286075
-46.840023
-47.430051
-48.061332
-48.740190
-49.474456
-50.273970
-51.151293
-52.122743
-53.209902
-54.441804
-55.857887
-57.510867
-59.463463
-61.745936
-64.122657
-65.426286
-64.327843
-61.965103
-59.629166
-57.618151
-55.912976
-54.450935
-53.177769
-52.052657
-51.045527
-50.134044
-49.301332
-48.534405
-47.823088
-47.159276
-46.536409
-45.949107
-45.392896
-44.864012
-44.359254
-43.875865
-43.411452
-42.963911
-42.531375
-42.112170
-41.704777
-41.307806
-40.919962
-40.540031
-40.166854
-39.799309
-39.436297
-39.076719
-38.719462
-38.363379
-38.007265
-37.649839
-37.289713
-36.925362
-36.555084
-36.176954
-35.788767
-35.387963
-34.971533
-34.535897
-34.076750
-33.588842
-33.065695
-32.499203
-31.879071
-31.191997
-30.420453
-29.540785
-28.520135
-27.311170
-25.842486
-23.999982
-21.589272
-18.275428
-13.883726
-12.834359
-17.258732
-20.994941
-23.678653
-25.673477
-27.200966
-28.389829
-29.321065
-30.050102
-30.617549
-31.054630
-31.386078
-31.631802
-31.807938
-31.927589
-32.001391
-32.037968
-32.044304
-32.026052
-31.987793
-31.933236
-31.865393
-31.786716
-31.699200
-31.604478
-31.503890
-31.398537
-31.289326
-31.177009
-31.062211
-30.945452
-30.827166
-30.707717
-30.587412
-30.466510
-30.345230
-30.223759
-30.102254
-29.980853
-29.859672
-29.738812
-29.618362
-29.498398
-29.378988
-29.260191
-29.142062
-29.024647
-28.907992
-28.792135
-28.677114
-28.562965
-28.449720
-28.337412
-28.226071
-28.115728
-28.006414
-27.898158
-27.790992
-27.684946
-27.580054
-27.476346
-27.373859
-27.272627
-27.172686
-27.074077
-26.976838
-26.881013
-26.786645
-26.693780
-26.602468
-26.512759
-26.424705
-26.338363
-26.253790
-26.171045
-26.090190
-26.011287
-25.934401
-25.859594
-25.786930
-25.716470
-25.648270
-25.582379
-25.518836
-25.457665
-25.398865
-25.342407
-25.288216
-25.236154
-25.185997
-25.137401
-25.089846
-25.042570
-24.994455
-24.943870
-24.888417
-24.824535
-24.746859
-24.647129
-24.512269
-24.320818
-24.035822
-23.589448
-22.845589
-21.492841
-18.653291
-11.836222
-20.415428
-29.168118
-34.641994
-39.567880
-56.358492
-39.846301
-35.351215
-34.622641
-34.447116
-33.873146
-32.661554
-30.971601
-29.066488
-27.126128
-25.235985
-23.428698
-21.715602
-20.103588
-18.603901
-17.237273
-16.036904
-15.048847
-14.328476
-13.932574
-13.905581
-14.226457
-14.437746
-12.049500
-3.721489
4.519397
-1.568758
-4.476567
-6.046915
-7.048699
-7.754116
-8.282035
-8.692487
-9.019108
-9.282245
-9.494918
-9.665783
-9.800711
-9.903661
-9.977187
-10.022717
-10.040689
