  idx        seed  cases              snap_rms   snap_max   step_gap   max_step   dc_drift     motion    peak_db     exc_up   loud_bey refuse nonfin   ceil offlat
    0    20260823  a5b3c3d4e1f2g6        1.504     30.958    -16.992      9.189    471.012     -2.506    105.561     49.944      3.402      0      0      0     37
    1    20260823  a3b3c4d5e1f5g3        0.334      7.154     -3.519      9.229    528.061     13.229     91.087     83.433      0.000      0      0      0     59
    2    20260823  a1b4c6d6e2f3g2        0.836     12.681      0.085     10.255    677.803     19.799     26.333     54.409     20.149      0      0      0     84
    3    20260823  a3b2c3d2e2f4g8        2.153     16.692    -17.654      7.657    552.519     26.809     82.924     18.465      6.422      0      0      0     34
    4    20260823  a7b2c4d1e2f4g4        1.520     26.215     -1.664     13.569    496.838      6.813    102.272     72.253      1.144      0      0      0     47
    5    20260823  a4b2c2d8e2f3g3        1.117     21.262     -6.279     10.940    625.954      7.257     32.437     73.365     24.949      0      0      0     58
    6    20260823  a2b3c1d8e2f4g4        1.417     10.572      1.022     11.285    563.823     25.759    139.470     30.528      8.565      0      0      0     60
    7    20260823  a2b5c1d2e7f4g3        1.307     25.931      2.205     15.306    630.030     40.720    197.996     79.135      0.000      0      0      0     72
    8    20260823  a3b4c7d1e2f2g5        1.101      6.009     -0.792      7.709    615.980      1.621    106.435     54.169      6.269      0      0      0     73
    9    20260823  a2b2c3d5e3f7g2        1.056     10.187     -3.496     11.416    568.658      9.069    104.295     23.307      2.473      0      0      0     49
   10    20260823  a2b4c6d3e3f4g2        0.813     15.386     -5.313     10.863    508.770     15.200     69.385      5.027      0.000      0      0      0     53
   11    20260823  a5b3c6d1e1f3g5        1.221     25.252    -17.172      9.564      3.341      1.180     20.093     45.439      0.000      0      0      0     27
   12    20260823  a3b4c3d6e4f1g3        0.444      7.349     -4.002     11.085    572.232    236.307    346.015     24.453     13.911      0      0      0     54
   13    20260823  a4b7c4d0e4f2g3        0.992     15.287     -1.836     12.001    599.894      5.302    129.837     69.672      1.025      0      0      0     74
   14    20260823  a2b5c4d5e4f3g1        0.016      0.296     -0.465     11.623    539.380    159.780    173.034     27.406      3.113      0      0      0     89
   15    20260823  a4b3c4d4e1f4g4        1.178     18.876     -2.801      9.673    650.472     70.869    174.179     45.485      0.910      0      0      0     53
   16    20260823  a2b5c2d0e8f1g6        0.714     13.220     -9.467      9.824    631.610     88.527    205.065     33.569      0.000      0      0      0     57
   17    20260823  a2b3c4d3e6f2g4        1.819     11.174     -6.649      8.400    561.435     64.921    171.877     33.094      9.054      0      0      0     35
   18    20260823  a2b6c2d1e5f4g4        0.147      2.699     -3.811     11.185    608.945     42.286    137.596     59.642      0.369      0      0      0     63
   19    20260823  a5b4c3d3e5f4g0        0.459      6.429      1.066     13.363    481.507     15.577    109.692     44.643     13.894      0      0      0     42
   20    20260823  a1b3c3d4e4f5g4        0.066      0.660     -4.036      8.902    578.911     53.588    164.606     23.435      0.652      0      0      0     84
   21    20260823  a5b0c5d4e3f2g5        1.864     16.750    -20.854      9.458     15.950    341.518    403.836     70.908     28.402      0      0      0     33
   22    20260823  a1b7c3d7e1f1g4        0.866     15.002      0.337     14.156    530.859      7.432    115.948     31.357     10.681      0      0      0     64
   23    20260823  a4b2c3d5e4f3g3        0.729      9.825      0.087      7.725    535.290    435.774    566.745     71.182     34.065      0      0      0     74
   24    20260823  a6b3c2d3e4f4g2        0.397      7.618     -0.384     11.159    560.999     38.003    140.579     71.485      0.000      0      0      0     51
   25    20260823  a4b2c6d4e4f3g1        0.002      0.023     -1.616      6.381    615.064    169.121    268.171     56.126     15.917      0      0      0     86
   26    20260823  a5b2c5d4e3f4g1        0.640     11.624     -0.420      8.836    557.928      7.605     33.951     32.882     27.234      0      0      0     52
   27    20260823  a2b5c3d6e2f4g2        2.579     36.943     -7.866      6.586    570.020     30.989     57.134     24.766      8.147      0      0      0     50
   28    20260823  a3b7c5d2e3f2g2        0.163      3.022     -1.779     11.794    655.095    221.621    246.977     38.334      0.044      0      0      0     69
   29    20260823  a3b5c0d3e3f6g4        1.188      8.882     -4.710     12.190    675.956    375.732    508.984     55.863      1.206      0      0      0     66
   30    20260823  a5b1c2d3e4f4g5        0.975     20.738     -3.242      8.345      2.699     22.066     47.784     51.906      0.000      0      0      0     27
   31    20260823  a3b4c5d3e4f2g3        1.117     24.222     -2.965      8.302    482.177     15.045     32.741     50.189     12.742      0      0      0     74
   32    20260823  a4b5c4d4e2f4g1        0.343      6.221      0.854     14.822    590.043     39.732    145.151     13.771      7.317      0      0      0     74
   33    20260823  a3b2c5d5e2f5g2        0.679      7.640     -0.934      7.962    580.279      5.336    113.924     43.928      0.000      0      0      0     67
   34    20260823  a2b2c5d3e4f5g3        1.091      8.478     -4.824      6.569    537.077     17.235     43.530     26.937      1.725      0      0      0     52
   35    20260823  a1b5c1d4e4f5g4        0.084      1.200     -3.918      8.489    597.517      2.902     82.173     18.768      4.327      0      0      0     83
   36    20260823  a2b6c5d2e2f7g0        0.136      2.929      2.393     15.364    574.193     69.445    146.644     26.044     11.332      0      0      0     84
   37    20260823  a3b5c4d4e2f3g3        0.313      5.492     -3.641     12.504    533.093     26.682    102.620     22.911      0.000      0      0      0     63
   38    20260823  a5b4c4d2e5f3g1        0.126      2.478     -2.686     10.663    625.321    521.778    626.641     40.806      0.603      0      0      0     62
   39    20260823  a6b5c2d5e5f0g1        1.329     27.482     -1.694      9.841    505.598     75.407     68.286     42.455      6.521      0      0      0     50
   40    20260823  a5b5c4d1e4f1g4        0.000      0.000     -3.561     10.528    636.163     12.105    109.485     58.506     34.791      0      0      0     86
   41    20260823  a4b4c3d3e3f3g4        1.056     22.820     -2.536     10.676    654.360     64.294    141.121     32.361      0.000      0      0      0     79
   42    20260823  a2b4c4d2e1f5g6        0.954     16.525     -4.037      9.863    420.488     -0.135    110.418     29.510     27.660      0      0      0     57
   43    20260823  a4b2c2d6e2f2g6        0.919     12.466     -4.270      9.074      7.346     37.835     85.211     76.935     23.792      0      0      0     34
   44    20260823  a3b3c3d2e4f5g4        0.186      2.883      0.015     10.396    534.211     15.923     99.223     61.827      3.980      0      0      0     77
   45    20260823  a5b6c4d4e1f1g3        1.214     24.899      1.019     13.551    439.323     28.879     85.245     40.666      8.990      0      0      0     53
   46    20260823  a4b0c6d2e4f5g3        1.230     23.268     -1.597      5.568     10.768     22.413     34.207     47.549      5.710      0      0      0     43
   47    20260823  a4b1c3d6e2f4g4        0.791     10.089     -1.845      5.493    532.170      7.531     44.089     33.052      9.882      0      0      0     65
   48    20260823  a5b4c2d6e1f4g2        1.510     22.452     -2.546     11.712    534.222    349.667    478.970     71.927     40.678      0      0      0     53
   49    20260823  a2b3c4d2e5f4g4        0.568      9.588      0.934     10.087    528.707     38.114     95.848     29.002      0.000      0      0      0     78
   50    20260823  a3b3c3d6e4f3g2        0.747     11.407     -2.707     13.110    538.201     -4.970     87.749     41.335     15.156      0      0      0     57
   51    20260823  a4b4c6d3e3f3g1        0.167      2.921     -2.476      7.051    585.563     48.917    135.322     22.313      4.800      0      0      0     82
   52    20260823  a4b1c3d4e5f4g3        4.065     64.576     -0.059      6.942    540.440      7.440     22.251     27.365      1.672      0      0      0     71
   53    20260823  a5b4c1d5e4f1g4        1.093     18.683      0.547     12.202    670.686     70.433    157.903     69.305      8.889      0      0      0     67
   54    20260823  a5b4c4d1e3f3g4        0.503      7.377      0.987      9.659    474.211    338.474    364.142     47.879     27.997      0      0      0     70
   55    20260823  a3b3c3d7e3f2g3        2.183     31.568     -6.812     10.662    528.664     13.356     86.927     78.851      0.000      0      0      0     33
   56    20260823  a1b1c4d4e8f1g5        0.852     15.935    -18.358      6.434    525.203     38.116    111.611     35.011      1.283      0      0      0     44
   57    20260823  a3b4c2d3e2f9g1        1.038     20.417     -0.025     13.319      3.814     14.370     45.224     47.457      1.135      0      0      0     28
   58    20260823  a2b7c0d2e2f4g7        0.610      7.740     -6.689     12.899    645.366     99.775    165.605     33.965      0.000      0      0      0     69
   59    20260823  a3b3c1d2e3f6g6        0.650     14.343    -20.400      7.963    570.576     36.768    125.798     21.566      0.000      0      0      0     61
   60    20260823  a1b4c3d2e6f4g4        0.690     14.472     -4.743     14.203    650.667     67.576     85.694     21.236      0.000      0      0      0     57
   61    20260823  a2b2c3d5e3f8g1        0.520      7.648     -2.857      9.137    536.216     24.960    117.277     36.115      3.980      0      0      0     58
   62    20260823  a2b1c4d5e4f3g5        2.067     19.490    -15.707      5.802    535.455      6.284     35.633     15.733     17.156      0      0      0     74
   63    20260823  a5b2c5d6e2f1g3        0.681     10.536     -7.407      7.494    529.482     34.081     77.055     33.975      3.316      0      0      0     38
   64    20260823  a4b4c4d2e4f3g3        0.772     15.501      0.082     15.323      3.133      7.551      5.148     64.288     26.819      0      0      0     41
   65    20260823  a3b6c3d4e3f1g4        0.596     12.413     -2.650     14.203    620.329     10.735     36.809     52.270      0.560      0      0      0     80
   66    20260823  a4b4c3d3e5f2g3        0.373      1.707     -3.106     14.524    638.427     34.210    187.602     48.638      0.000      0      0      0     64
   67    20260823  a3b2c5d3e4f5g2        0.880     16.393     -8.751      8.861    535.192     33.742    123.102     31.100      2.864      0      0      0     61
   68    20260823  a1b3c2d5e4f7g2        0.921     10.905     -0.042     12.759     16.991     82.290     81.702     56.663     24.697      0      0      0     40
   69    20260823  a4b2c3d6e3f2g4        0.667     14.460     -3.539      8.201     11.897     82.024     98.764     82.833     41.360      0      0      0     46
   70    20260823  a3b2c6d2e5f1g5        0.600     11.069     -1.169     11.056     15.247     51.471     33.764     48.021     13.969      0      0      0     52
   71    20260823  a4b3c6d2e3f4g2        0.266      5.589      2.599     13.247    531.178     21.775    107.815     31.111      0.048      0      0      0     73
   72    20260823  a4b4c2d3e3f4g4        0.756     10.027     -3.393      9.150    631.941      8.748     90.987     29.189      0.831      0      0      0     60
   73    20260823  a4b3c7d6e0f0g4        2.829     29.488     -1.302      7.392    532.388     24.093    109.860     37.736      6.048      0      0      0     65
   74    20260823  a0b5c5d5e4f0g5        0.280      4.598     -1.252      8.213    476.896      6.456     78.752     26.985     12.222      0      0      0     89
   75    20260823  a2b3c2d3e6f5g3        1.218     11.585    -11.820      8.084    612.538     28.630    123.948     68.588     24.313      0      0      0     69
   76    20260823  a3b2c2d3e4f5g5        0.463      9.255     -7.286     11.011     13.006    434.731    498.166     37.972      1.897      0      0      0     37
   77    20260823  a4b1c3d5e3f4g4        0.731     12.292     -3.412      9.462      5.951    244.904    254.161     61.717     17.693      0      0      0     42
   78    20260823  a7b4c0d4e4f1g4        1.331     18.756     -7.514      8.538    539.538     26.160    103.525     85.553     51.619      0      0      0     44
   79    20260823  a3b6c3d3e2f3g4        0.439      9.889      2.475     14.133    635.107     84.375    169.308     29.890     31.053      0      0      0     79
   80    20260823  a3b1c3d4e4f4g5        1.152     24.082     -7.242      7.993     19.411    355.188    394.304     40.290     13.947      0      0      0     33
   81    20260823  a3b7c2d3e4f3g2        0.459      2.329      5.050     21.243    665.072    242.528    373.617     42.065     35.878      0      0      0     65
   82    20260823  a3b3c2d4e3f8g1        1.025     11.658     -5.216      9.367    516.265    291.564    300.043     33.005      1.826      0      0      0     41
   83    20260823  a4b4c5d3e3f4g1        1.244     27.012      0.864     13.562    542.181     -0.480     13.368     37.492     13.431      0      0      0     60
   84    20260823  a2b6c5d4e3f1g3        1.206      7.122     -0.856     12.651    606.528      0.238     -6.477     59.642     23.530      0      0      0     73
   85    20260823  a3b5c3d3e4f4g2        1.204     17.498     -1.595     11.118    648.877     26.121    135.352     32.854      3.111      0      0      0     60
   86    20260823  a3b4c5d1e3f3g5        0.964     14.763     -2.331     10.237    627.860     34.977    119.439     52.154     13.424      0      0      0     81
   87    20260823  a1b3c4d5e4f3g4        0.736      7.609     -0.894      7.672    545.900     18.919     15.571     40.501      2.050      0      0      0     68
   88    20260823  a3b5c3d3e3f1g6        0.613      3.272     -0.482     10.857    663.045    109.614    226.172     73.197     18.724      0      0      0     71
   89    20260823  a8b2c3d2e3f1g5        1.155     17.021     -7.025     10.144    477.764     22.373     71.806     39.028      6.294      0      0      0     34
   90    20260823  a4b5c2d5e5f1g2        0.629     11.407     -2.853     10.989    641.733    313.413    413.190     52.075      6.766      0      0      0     68
   91    20260823  a2b4c5d3e2f5g3        0.330      5.471      1.376     15.134    568.131     22.301    126.087     34.282      0.000      0      0      0     61
   92    20260823  a3b6c2d2e3f4g4        0.983     21.856      1.492     17.039    543.679     58.821     67.710     50.040     18.342      0      0      0     39
   93    20260823  a2b4c4d2e4f5g3        0.671     14.670     -3.826      7.656    563.303      5.280    125.963     23.543      0.000      0      0      0     58
   94    20260823  a5b4c2d4e1f4g4        1.514     14.944     -4.519     10.536    526.833     76.662    197.393     50.864      0.000      0      0      0     59
   95    20260823  a5b1c5d5e2f2g4        0.689     13.407     -4.113      9.163      5.113    -10.397     40.881     75.833     16.011      0      0      0     31
   96    20260823  a3b4c1d2e6f5g3        0.502      6.798     -6.743      9.068    629.888     57.091     67.658     57.358     12.394      0      0      0     59
   97    20260823  a3b2c1d5e5f2g6        0.382      8.050     -5.504      7.181    530.864     10.631    102.260     35.903      8.377      0      0      0     77
   98    20260823  a3b3c1d10e4f0g3       1.446     18.671     -7.704      9.015    555.937    185.825    206.059     38.338     16.164      0      0      0     56
   99    20260823  a1b4c1d4e4f6g4        0.605     11.690     -7.267      8.987      9.524     30.745     34.601     43.077     21.496      0      0      0     56
  100    20260823  a5b2c4d3e2f2g6        0.960     11.884     -8.795      7.900    634.453     64.018    143.182     55.032      0.468      0      0      0     55
  101    20260823  a5b2c0d4e4f4g5        2.598     19.314     -1.836     11.211    559.330     37.952    145.403     86.668      5.365      0      0      0     67
  102    20260823  a3b4c4d1e4f5g3        0.576     12.824      3.081     17.434    535.916     52.100    103.470     53.635     14.276      0      0      0     67
  103    20260823  a4b1c4d5e2f6g2        2.791     21.662     -1.592      9.384    526.106    131.279    222.251     47.265      7.961      0      0      0     52
  104    20260823  a2b5c4d4e2f5g2        1.421     16.697     -5.634     10.320    518.844    125.726    208.772     39.676      7.815      0      0      0     65
  105    20260823  a5b4c0d5e4f1g5        1.834     16.266    -12.742      9.610    629.984    163.751    266.211     42.088      3.499      0      0      0     50
  106    20260823  a3b7c4d4e2f2g2        0.000      0.000     -1.565     10.588    663.324    238.653    350.211     69.183     39.012      0      0      0     86
  107    20260823  a3b3c2d4e11f0g1       0.257      2.130     -5.775      9.854    564.570    547.939    680.115     48.188     17.940      0      0      0     69
  108    20260823  a3b5c2d5e2f4g3        1.127     21.009     -4.415     10.001    607.597     35.310    127.614     48.763     21.599      0      0      0     67
  109    20260823  a4b4c3d1e3f4g5        1.059     19.353    -15.647      9.460    578.442    489.353    576.750     44.591     31.676      0      0      0     45
  110    20260823  a4b2c5d3e3f4g3        1.316     16.322     -3.960      6.527    546.554      5.903     33.184     42.999      0.000      0      0      0     47
  111    20260823  a4b3c1d3e4f2g7        0.991     14.111     -1.831     12.635    603.332     39.345    143.970     93.903     48.400      0      0      0     66
  112    20260823  a3b5c2d3e3f6g2        1.227     18.450     -6.240      7.929    495.582    335.317    402.460     53.279      9.528      0      0      0     61
  113    20260823  a6b4c4d2e0f5g3        1.215     24.274     -1.876     11.857    540.650     -3.335     83.356     94.934      3.104      0      0      0     36
  114    20260823  a2b5c5d1e3f6g2        1.337     23.291     -1.075      9.792    619.938     56.300     80.134     42.179      9.149      0      0      0     83
  115    20260823  a2b3c5d3e5f2g4        0.763      8.571     -9.168      6.321    558.851    104.530    196.640     28.503      0.000      0      0      0     47
  116    20260823  a3b4c3d5e5f2g2        0.346      1.234     -2.857     13.467    591.701    563.884    674.900     39.618     10.535      0      0      0     69
  117    20260823  a1b1c4d6e4f4g4        1.681     11.311     -1.798      8.456    530.323     44.720    149.067     90.073     11.344      0      0      0     71
  118    20260823  a2b1c4d6e1f3g7        1.723      7.248    -22.809      5.954    558.770      9.380    118.719     36.887      4.178      0      0      0     49
  119    20260823  a4b1c2d4e2f6g5        0.796     17.764     -2.333      6.968     12.865     47.236     47.715     47.310      2.716      0      0      0     44
  120    20260823  a3b6c3d2e5f3g2        0.741     14.007     -5.236     10.012    520.704     16.873    106.351     18.888      9.568      0      0      0     60
  121    20260823  a6b4c5d4e1f2g2        0.240      4.970     -2.434     10.117    613.241      9.409    144.641     66.437     20.264      0      0      0     75
  122    20260823  a7b7c3d3e1f1g2        0.825     15.271     -4.139      9.486    540.514     48.619    121.061     27.189      0.986      0      0      0     50
  123    20260823  a2b4c2d3e3f4g6        2.055     18.529     -4.739     10.521    577.888    106.195    210.713     50.567      7.494      0      0      0     66
  124    20260823  a3b4c4d3e6f0g4        1.622     15.698    -12.506      9.196    546.873     55.563    128.950     48.930      0.000      0      0      0     45
  125    20260823  a3b3c2d4e4f4g4        1.282     23.748     -9.518      7.489    598.553    214.708    207.087     55.799     17.016      0      0      0     64
  126    20260823  a3b2c7d1e7f4g0        0.406      6.271      0.466      9.072    536.746    277.734    357.655     30.563     26.771      0      0      0     85
  127    20260823  a1b9c4d1e3f5g1        0.503      4.545     -0.018     11.898    496.971     38.387    123.527     35.165      2.385      0      0      0     83
  128    20260823  a2b2c5d4e7f3g1        0.583      9.644     -1.440      9.787     25.124    293.459    298.142     37.649     11.537      0      0      0     76
  129    20260823  a2b6c3d2e4f3g4        0.698      7.390     -2.834     11.536    653.231     29.373    133.249     51.144      5.928      0      0      0     72
  130    20260823  a4b2c4d1e5f5g3        0.392      7.161     -6.207      7.436      8.565     23.853     17.728     26.558      1.028      0      0      0     50
  131    20260823  a1b3c4d4e2f4g6        1.125      9.194     -5.943     10.116     12.554      0.413     -5.462     34.169      0.713      0      0      0     55
  132    20260823  a1b7c3d3e2f5g3        1.230     18.270      3.437     15.766    635.940     43.772     75.719     55.693     45.041      0      0      0     74
  133    20260823  a4b2c2d1e3f5g7        0.801      8.945    -17.277      7.623    536.039     25.141     27.945     10.325      1.884      0      0      0     33
  134    20260823  a0b5c6d4e2f4g3        0.004      0.024      1.943     11.940    664.445     48.365    110.827     12.865      5.955      0      0      0     93
  135    20260823  a3b5c1d4e5f3g3        0.529      6.194      0.742     11.960    640.371     63.155    140.669     55.604     13.674      0      0      0     71
  136    20260823  a1b2c4d3e7f3g4        0.469      3.082     -2.686      8.071    476.057     22.832     28.322     35.773      4.569      0      0      0     55
  137    20260823  a3b3c2d5e6f2g3        0.280      5.846     -3.593      8.293    643.307     46.196    110.446     57.524     16.597      0      0      0     82
  138    20260823  a1b5c6d1e3f3g5        0.734      9.495     -4.806      8.584    599.789     66.309    153.698     36.783      8.567      0      0      0     74
  139    20260823  a3b4c5d1e4f2g5        1.026     14.992     -7.432      5.227      8.979      6.143      3.954     25.300      0.000      0      0      0     29
  140    20260823  a5b3c4d3e2f2g5        0.456      6.329     -1.610      7.589    589.657     38.102    118.325     14.906      0.000      0      0      0     65
  141    20260823  a2b2c6d3e3f2g6        0.652      4.011     -7.789      9.282    642.304    257.943    361.280     55.553      2.028      0      0      0     53
  142    20260823  a4b5c1d4e6f3g1        0.000      0.000      0.770     13.812    663.036    254.030    372.171     57.480     16.246      0      0      0     86
  143    20260823  a4b3c4d3e3f3g4        0.356      6.934     -3.913     12.099    595.236    111.359    114.468     39.505      0.000      0      0      0     49
  144    20260823  a3b2c6d4e2f2g5        2.080     32.792     -4.866      7.790    506.761     -6.578     27.215     36.733     10.290      0      0      0     52
  145    20260823  a3b0c5d2e6f1g7        0.757     12.979     -3.366      7.730     16.312     16.454     11.794     48.458      0.000      0      0      0     36
  146    20260823  a3b3c2d3e5f5g3        1.427     25.088     -2.614      8.808    585.959     87.591    170.203     25.646      0.000      0      0      0     43
  147    20260823  a5b7c2d1e3f4g2        0.186      3.407     -1.722     10.339    535.688     -3.082     79.666     57.189     49.433      0      0      0     81
  148    20260823  a5b3c4d2e1f4g5        1.425     22.197     -6.638      6.709    564.888     -0.736     98.427     19.653      0.000      0      0      0     39
  149    20260823  a5b3c2d3e5f4g2        0.677      6.300      3.374     13.774    580.264    297.893    425.097     38.057     22.005      0      0      0     53
  150    20260823  a1b5c2d5e4f6g1        1.351     15.743     -2.059     12.429    564.641     23.065    100.839     20.535      0.000      0      0      0     74
  151    20260823  a4b2c3d4e2f5g4        0.859     16.588     -4.569      7.585      2.562     32.358     44.336     46.535      1.300      0      0      0     36
  152    20260823  a7b3c0d4e3f5g2        2.133     38.386     -1.287     10.034    538.943    428.083    522.216     67.274     12.888      0      0      0     31
  153    20260823  a6b3c5d3e2f2g3        1.349     21.934     -5.069      8.451    639.004    269.939    363.868     34.854      0.000      0      0      0     48
  154    20260823  a4b3c4d2e4f3g4        0.968     21.046     -7.666     14.559      5.464     29.533     19.676     28.750      1.625      0      0      0     22
  155    20260823  a3b3c4d4e3f4g3        2.142     27.909     -2.396      8.069    531.933     13.308     10.716     20.984      0.477      0      0      0     47
  156    20260823  a5b3c6d4e1f4g1        0.321      5.255     -0.781      9.810    622.800     -4.388     96.036     77.658     31.608      0      0      0     69
  157    20260823  a3b4c4d3e8f2g0        0.059      1.076     -3.041      9.412    656.498     44.420    110.483     48.589     10.192      0      0      0     83
  158    20260823  a5b3c5d3e3f2g3        0.944     18.680     -5.540      9.255    604.542     13.828     96.198     71.099     37.041      0      0      0     56
  159    20260823  a3b7c4d1e2f3g4        0.286      1.743     -2.004     12.188    662.571     22.414    136.672     36.993      0.000      0      0      0     73
  160    20260823  a4b4c2d2e4f5g3        0.192      3.649     -2.497      7.545    630.572     24.977     96.707     46.105      2.417      0      0      0     60
  161    20260823  a6b4c4d3e2f3g2        0.483      9.459     -0.137      7.863    573.313     35.109    122.183     38.038      0.000      0      0      0     66
  162    20260823  a3b4c1d6e5f1g4        1.216     10.851     -0.813     13.765    611.475    501.239    597.938     33.165      8.103      0      0      0     67
  163    20260823  a4b5c1d3e4f4g3        1.253      8.267     -4.854     11.155    658.948     57.577    118.678     55.085      4.926      0      0      0     70
  164    20260823  a3b3c3d6e2f4g3        0.697     10.274     -1.444     10.830    541.698     36.386    155.261     42.772     16.723      0      0      0     72
  165    20260823  a3b2c5d4e3f2g5        1.359     17.392    -11.184     13.482    546.812     19.231    121.885     37.083      5.263      0      0      0     60
  166    20260823  a2b6c0d7e2f3g4        2.286     26.535    -14.545     11.142    574.653     86.384    166.830     14.227     18.265      0      0      0     63
  167    20260823  a2b1c5d4e5f2g5        0.527     11.141     -0.102      9.711    503.290      2.372     27.747     40.745     10.423      0      0      0     51
  168    20260823  a5b2c4d3e6f2g2        0.724      7.377     -1.878      8.372    523.670    500.654    577.245     69.458     36.505      0      0      0     72
  169    20260823  a7b0c4d1e2f6g4        1.283     17.679     -6.793      8.137     13.659     12.541      6.565     56.130     18.328      0      0      0     20
  170    20260823  a3b2c2d4e5f3g5        0.494      5.584     -2.072      7.639    527.576     42.622    117.687     36.693      0.000      0      0      0     57
  171    20260823  a2b8c2d3e0f2g7        1.082      8.493      1.938     19.780    608.962     36.758    129.818     22.760     13.345      0      0      0     56
  172    20260823  a2b5c3d3e5f2g4        0.000      0.000     -3.224     10.935    681.497     35.323    103.240     74.231      5.640      0      0      0     90
  173    20260823  a2b3c2d5e4f3g5        0.230      4.376    -10.812     10.891    427.445    254.718    337.907     49.836     14.942      0      0      0     62
  174    20260823  a4b4c3d3e6f3g1        1.304     25.766      1.613     13.209    563.311     13.613    105.413     27.095      3.368      0      0      0     63
  175    20260823  a4b4c5d2e4f2g3        1.709     29.454     -6.556      8.828    574.128      2.615     85.902     75.178     29.953      0      0      0     70
  176    20260823  a6b6c4d1e3f1g3        1.111     10.430      0.412     12.890    500.158      4.710     74.478     42.117     31.063      0      0      0     53
  177    20260823  a4b2c4d1e4f3g6        0.909      6.888    -16.381      8.464    597.171     64.108    147.559     31.450      0.000      0      0      0     40
  178    20260823  a1b3c5d6e3f3g3        1.471     13.291      0.253     11.044    640.142     58.983    133.694     13.531      2.281      0      0      0     65
  179    20260823  a4b4c2d3e4f3g4        2.178     27.611     -5.412      8.158    517.235    324.752    401.690     29.598      0.000      0      0      0     55
  180    20260823  a3b3c3d5e5f5g0        0.305      4.446      0.513     10.448    601.489     20.281     15.507     42.961     18.582      0      0      0     80
  181    20260823  a6b6c2d1e2f6g1        1.466     28.851      1.203     14.224    584.144    134.187    154.383     64.185      8.643      0      0      0     55
  182    20260823  a5b3c1d2e6f4g3        0.616      7.294     -8.131      8.533    582.752     14.918     88.219     43.864      4.407      0      0      0     57
  183    20260823  a2b3c1d5e3f4g6        1.194     22.753    -17.958      8.249    547.194     32.739    116.789     39.555      0.000      0      0      0     32
  184    20260823  a3b4c4d4e4f0g5        2.243     17.358     -3.898      9.976    562.977    336.577    442.251     52.609      7.874      0      0      0     43
  185    20260823  a5b2c1d3e3f4g6        1.507     18.133     -2.780      8.432      5.168      4.109     17.283     68.192     20.458      0      0      0     33
  186    20260823  a2b2c2d4e4f5g5        1.013     19.484     -2.549      9.990    596.099    187.057    207.788     57.825      1.672      0      0      0     79
  187    20260823  a3b4c1d6e3f4g3        0.720      6.204     -8.240      9.812    629.557    117.653    169.982     45.784     17.370      0      0      0     61
  188    20260823  a2b4c3d9e2f2g2        0.382      4.739     -2.223     11.055    618.306    209.774    303.091     56.174     14.337      0      0      0     82
  189    20260823  a3b3c1d5e4f6g2        0.699     13.109     -1.438     10.169    571.038     40.476    127.012     33.766      4.684      0      0      0     59
  190    20260823  a3b2c3d4e4f2g6        2.078     17.955     -1.174     11.490    480.880    543.021    627.509     44.781      0.000      0      0      0     53
  191    20260823  a3b4c2d4e3f5g3        0.379      7.378     -0.441     10.355    494.394    -21.972      9.138     41.668     10.646      0      0      0     73
  192    20260823  a1b6c4d4e1f4g4        0.258      5.330     -3.056      9.026    632.789     30.682    123.227     30.807     49.508      0      0      0     85
  193    20260823  a4b6c3d3e3f3g2        0.603     10.011     -3.297     13.136    600.541    211.404    213.689     44.706      3.225      0      0      0     59
  194    20260823  a6b4c5d2e3f1g3        1.090     17.791     -6.011      8.860    577.883     17.776    123.561     72.727     37.843      0      0      0     47
  195    20260823  a2b5c5d1e4f2g5        0.638      4.158     -4.543     11.007    603.851     -3.393     88.501     25.072      2.727      0      0      0     70
  196    20260823  a3b1c2d4e5f4g5        1.587     31.616     -0.937      8.588      3.399      4.286     13.758     59.524      0.000      0      0      0     48
  197    20260823  a1b1c7d3e3f3g6        1.673     18.133     -7.847      8.798    492.478      0.216     87.171     34.658      0.223      0      0      0     56
  198    20260823  a2b5c4d6e1f4g2        1.359     21.685     -1.670     10.289    530.969     15.763     99.448     43.295      7.063      0      0      0     56
  199    20260823  a1b6c4d3e4f4g2        1.022      7.909     -1.463     10.800    596.824    338.056    452.090     54.309      0.000      0      0      0     72

worst 10 by snap
  idx        seed  cases              snap_rms   snap_max   step_gap   max_step   dc_drift     motion    peak_db     exc_up   loud_bey refuse nonfin   ceil offlat
   52    20260823  a4b1c3d4e5f4g3        4.065     64.576     -0.059      6.942    540.440      7.440     22.251     27.365      1.672      0      0      0     71
   52  culprit s2  corners 0>1  (   845.3 Hz r 0.999702 bw   0.008 oct)  ( 24000.0 Hz r 0.933556 bw   0.000 oct)  reduced    6.843 dB  snap c2 s2    9.722   25.489   71.385    4.030   20.222   17.564  dc s3
  152    20260823  a7b3c0d4e3f5g2        2.133     38.386     -1.287     10.034    538.943    428.083    522.216     67.274     12.888      0      0      0     31
  152  culprit s3  corners 2>3  ( 13959.8 Hz r 0.999804 bw   0.000 oct)  (    20.1 Hz r 0.999551 bw   0.489 oct)  reduced   93.226 dB  snap c1 s2    4.993    5.825   39.255   21.135    0.806    0.152  dc s0
   27    20260823  a2b5c3d6e2f4g2        2.579     36.943     -7.866      6.586    570.020     30.989     57.134     24.766      8.147      0      0      0     50
   27  culprit s0  corners 0>1  (  2494.4 Hz r 0.999804 bw   0.002 oct)  ( 13486.4 Hz r 0.999804 bw   0.000 oct)  reduced    2.940 dB  snap c0 s3    6.239    0.675    7.399   41.282    2.416    6.935  dc s4
  144    20260823  a3b2c6d4e2f2g5        2.080     32.792     -4.866      7.790    506.761     -6.578     27.215     36.733     10.290      0      0      0     52
  144  culprit s4  corners 0>1  (  5000.1 Hz r 0.906321 bw   0.432 oct)  (  6963.0 Hz r 0.999804 bw   0.001 oct)  reduced    6.929 dB  snap c3 s0   41.418    1.617    8.538    0.831    8.584    1.129  dc s0
  196    20260823  a3b1c2d4e5f4g5        1.587     31.616     -0.937      8.588      3.399      4.286     13.758     59.524      0.000      0      0      0     48
  196  culprit s0  corners 0>1  ( 17714.7 Hz r 0.998373 bw   0.002 oct)  (   187.5 Hz r 0.992588 bw   0.862 oct)  reduced   -1.366 dB  snap c2 s1    0.185   33.212    0.042    0.065    4.984    7.169  dc s0
   55    20260823  a3b3c3d7e3f2g3        2.183     31.568     -6.812     10.662    528.664     13.356     86.927     78.851      0.000      0      0      0     33
   55  culprit s1  corners 0>1  ( 14954.7 Hz r 0.999804 bw   0.000 oct)  ( 24000.0 Hz r 0.843452 bw   0.000 oct)  reduced   70.044 dB  snap c2 s2    5.902   10.440   35.880    0.226    0.236    1.460  dc s0
    0    20260823  a5b3c3d4e1f2g6        1.504     30.958    -16.992      9.189    471.012     -2.506    105.561     49.944      3.402      0      0      0     37
    0  culprit s0  corners 2>3  ( 24000.0 Hz r 0.945392 bw   0.000 oct)  (  4358.8 Hz r 0.998888 bw   0.006 oct)  reduced   92.345 dB  snap c1 s5    0.702    0.789    6.491    0.362    4.013   31.516  dc s2
   73    20260823  a4b3c7d6e0f0g4        2.829     29.488     -1.302      7.392    532.388     24.093    109.860     37.736      6.048      0      0      0     65
   73  culprit s1  corners 2>3  (  1632.2 Hz r 0.976441 bw   0.321 oct)  ( 13254.2 Hz r 0.999804 bw   0.000 oct)  reduced   83.624 dB  snap c1 s0   31.802    4.975    9.386   13.638    7.319    2.304  dc s0
  175    20260823  a4b4c5d2e4f2g3        1.709     29.454     -6.556      8.828    574.128      2.615     85.902     75.178     29.953      0      0      0     70
  175  culprit s4  corners 2>3  (  2082.2 Hz r 0.952186 bw   0.516 oct)  ( 11682.2 Hz r 0.999804 bw   0.000 oct)  reduced   56.732 dB  snap c0 s1    6.138   29.719    8.627    1.846    0.446   16.520  dc s4
  181    20260823  a6b6c2d1e2f6g1        1.466     28.851      1.203     14.224    584.144    134.187    154.383     64.185      8.643      0      0      0     55
  181  culprit s4  corners 0>1  (    20.2 Hz r 0.999046 bw   1.022 oct)  (  9030.9 Hz r 0.998317 bw   0.004 oct)  reduced   10.555 dB  snap c3 s1    0.238   28.849    1.927    0.623    6.105    0.229  dc s4

worst 10 by step
  idx        seed  cases              snap_rms   snap_max   step_gap   max_step   dc_drift     motion    peak_db     exc_up   loud_bey refuse nonfin   ceil offlat
   81    20260823  a3b7c2d3e4f3g2        0.459      2.329      5.050     21.243    665.072    242.528    373.617     42.065     35.878      0      0      0     65
   81  culprit s4  corners 0>1  (    19.0 Hz r 0.999030 bw   1.097 oct)  (  7627.3 Hz r 0.998870 bw   0.003 oct)  reduced  145.869 dB  snap c2 s3    5.077    1.689    0.765   18.089   10.607    2.241  dc s2
  132    20260823  a1b7c3d3e2f5g3        1.230     18.270      3.437     15.766    635.940     43.772     75.719     55.693     45.041      0      0      0     74
  132  culprit s4  corners 2>3  ( 24000.0 Hz r 0.777499 bw   0.000 oct)  (  3878.0 Hz r 0.997193 bw   0.016 oct)  reduced   17.761 dB  snap c3 s0   36.603    3.505   23.775    1.785   14.851    2.286  dc s2
  149    20260823  a5b3c2d3e5f4g2        0.677      6.300      3.374     13.774    580.264    297.893    425.097     38.057     22.005      0      0      0     53
  149  culprit s0  corners 2>3  (  4552.4 Hz r 0.999804 bw   0.001 oct)  (    19.2 Hz r 0.999608 bw   0.450 oct)  reduced  284.138 dB  snap c1 s0   19.032    3.299    1.404    1.587    6.993   18.452  dc s4
  102    20260823  a3b4c4d1e4f5g3        0.576     12.824      3.081     17.434    535.916     52.100    103.470     53.635     14.276      0      0      0     67
  102  culprit s1  corners 0>1  (  3422.7 Hz r 0.819801 bw   1.241 oct)  ( 24000.0 Hz r 0.844718 bw   0.000 oct)  reduced   84.754 dB  snap c1 s3    0.270    0.174    0.104   13.212    0.260    0.001  dc s1
   71    20260823  a4b3c6d2e3f4g2        0.266      5.589      2.599     13.247    531.178     21.775    107.815     31.111      0.048      0      0      0     73
   71  culprit s5  corners 0>1  (  3542.0 Hz r 0.949113 bw   0.324 oct)  (    19.0 Hz r 0.998345 bw   1.800 oct)  reduced   77.785 dB  snap c1 s2    0.247    0.001    5.580    0.062    0.000    0.008  dc s5
   79    20260823  a3b6c3d3e2f3g4        0.439      9.889      2.475     14.133    635.107     84.375    169.308     29.890     31.053      0      0      0     79
   79  culprit s2  corners 0>1  (  6462.0 Hz r 0.541257 bw   1.944 oct)  (  6853.7 Hz r 0.998093 bw   0.006 oct)  reduced  135.432 dB  snap c1 s3    0.041    0.052    0.079    9.961    0.057    0.030  dc s3
   36    20260823  a2b6c5d2e2f7g0        0.136      2.929      2.393     15.364    574.193     69.445    146.644     26.044     11.332      0      0      0     84
   36  culprit s4  corners 0>1  (    19.9 Hz r 0.998949 bw   1.138 oct)  (  4460.2 Hz r 0.998204 bw   0.009 oct)  reduced  117.100 dB  snap c2 s3    0.194    0.001    0.046    2.925    0.012    0.001  dc s3
    7    20260823  a2b5c1d2e7f4g3        1.307     25.931      2.205     15.306    630.030     40.720    197.996     79.135      0.000      0      0      0     72
    7  culprit s0  corners 2>3  (    17.6 Hz r 0.998485 bw   1.779 oct)  (  1523.2 Hz r 0.965874 bw   0.500 oct)  reduced  162.749 dB  snap c2 s1    0.957   36.047    4.180    0.635    2.183   13.510  dc s2
  134    20260823  a0b5c6d4e2f4g3        0.004      0.024      1.943     11.940    664.445     48.365    110.827     12.865      5.955      0      0      0     93
  134  culprit s5  corners 2>3  (    20.9 Hz r 0.999321 bw   0.709 oct)  (  3464.9 Hz r 0.754359 bw   1.694 oct)  reduced   75.384 dB  snap c2 s0    0.025    0.001    0.000    0.021    0.020    0.012  dc s2
  171    20260823  a2b8c2d3e0f2g7        1.082      8.493      1.938     19.780    608.962     36.758    129.818     22.760     13.345      0      0      0     56
  171  culprit s4  corners 0>1  (   139.8 Hz r 0.990046 bw   1.508 oct)  (  6167.9 Hz r 0.684204 bw   1.311 oct)  reduced  113.989 dB  snap c1 s0   13.271    2.000    7.535    5.562    1.046    7.713  dc s5

worst 10 by dc
  idx        seed  cases              snap_rms   snap_max   step_gap   max_step   dc_drift     motion    peak_db     exc_up   loud_bey refuse nonfin   ceil offlat
  172    20260823  a2b5c3d3e5f2g4        0.000      0.000     -3.224     10.935    681.497     35.323    103.240     74.231      5.640      0      0      0     90
  172  culprit s4  corners 0>1  (     0.0 Hz r 0.865417 bw   0.000 oct)  (    20.2 Hz r 0.999228 bw   0.831 oct)  reduced   82.271 dB  snap c0 s3    0.000    0.000    0.000    0.002    0.001    0.000  dc s3
    2    20260823  a1b4c6d6e2f3g2        0.836     12.681      0.085     10.255    677.803     19.799     26.333     54.409     20.149      0      0      0     84
    2  culprit s1  corners 2>3  (  5590.0 Hz r 0.998996 bw   0.004 oct)  (  4910.4 Hz r 0.997530 bw   0.011 oct)  reduced   -1.596 dB  snap c3 s1    0.308   12.671    0.450    0.007    0.246   12.488  dc s4
   29    20260823  a3b5c0d3e3f6g4        1.188      8.882     -4.710     12.190    675.956    375.732    508.984     55.863      1.206      0      0      0     66
   29  culprit s5  corners 0>1  ( 17317.2 Hz r 0.999804 bw   0.000 oct)  (    20.0 Hz r 0.998785 bw   1.298 oct)  reduced  133.533 dB  snap c3 s4    7.357    5.273    2.807    0.569   17.785    1.614  dc s2
   53    20260823  a5b4c1d5e4f1g4        1.093     18.683      0.547     12.202    670.686     70.433    157.903     69.305      8.889      0      0      0     67
   53  culprit s0  corners 0>1  (    20.0 Hz r 0.999416 bw   0.637 oct)  (    26.9 Hz r 0.999804 bw   0.161 oct)  reduced  143.158 dB  snap c2 s5    5.930   31.548    0.583   20.032    1.223   33.075  dc s2
   81    20260823  a3b7c2d3e4f3g2        0.459      2.329      5.050     21.243    665.072    242.528    373.617     42.065     35.878      0      0      0     65
   81  culprit s4  corners 0>1  (    19.0 Hz r 0.999030 bw   1.097 oct)  (  7627.3 Hz r 0.998870 bw   0.003 oct)  reduced  145.869 dB  snap c2 s3    5.077    1.689    0.765   18.089   10.607    2.241  dc s2
  134    20260823  a0b5c6d4e2f4g3        0.004      0.024      1.943     11.940    664.445     48.365    110.827     12.865      5.955      0      0      0     93
  134  culprit s5  corners 2>3  (    20.9 Hz r 0.999321 bw   0.709 oct)  (  3464.9 Hz r 0.754359 bw   1.694 oct)  reduced   75.384 dB  snap c2 s0    0.025    0.001    0.000    0.021    0.020    0.012  dc s2
  106    20260823  a3b7c4d4e2f2g2        0.000      0.000     -1.565     10.588    663.324    238.653    350.211     69.183     39.012      0      0      0     86
  106  culprit s2  corners 2>3  (    20.8 Hz r 0.999691 bw   0.327 oct)  (  2704.0 Hz r 0.999142 bw   0.007 oct)  reduced  109.412 dB  snap c0 s0   20.798    0.000    0.000    0.000    9.546    7.828  dc s1
   88    20260823  a3b5c3d3e3f1g6        0.613      3.272     -0.482     10.857    663.045    109.614    226.172     73.197     18.724      0      0      0     71
   88  culprit s4  corners 2>3  (  7812.0 Hz r 0.998477 bw   0.004 oct)  (    19.7 Hz r 0.999252 bw   0.825 oct)  reduced  129.908 dB  snap c1 s1    5.914   27.930    3.494   14.829    4.358   16.114  dc s0
  142    20260823  a4b5c1d4e6f3g1        0.000      0.000      0.770     13.812    663.036    254.030    372.171     57.480     16.246      0      0      0     86
  142  culprit s1  corners 2>3  (    18.7 Hz r 0.999804 bw   0.231 oct)  (  7181.8 Hz r 0.997954 bw   0.006 oct)  reduced  334.262 dB  snap c0 s3    0.002    0.000    0.011   23.071    0.002    0.009  dc s4
  159    20260823  a3b7c4d1e2f3g4        0.286      1.743     -2.004     12.188    662.571     22.414    136.672     36.993      0.000      0      0      0     73
  159  culprit s2  corners 2>3  (     0.0 Hz r 0.000000 bw   0.000 oct)  (  2618.0 Hz r 0.882323 bw   1.032 oct)  reduced  101.996 dB  snap c2 s2   12.800    2.386   17.473    2.540    1.703    0.116  dc s0

worst 10 by motion
  idx        seed  cases              snap_rms   snap_max   step_gap   max_step   dc_drift     motion    peak_db     exc_up   loud_bey refuse nonfin   ceil offlat
  116    20260823  a3b4c3d5e5f2g2        0.346      1.234     -2.857     13.467    591.701    563.884    674.900     39.618     10.535      0      0      0     69
  116  culprit s5  corners 2>3  (  7093.3 Hz r 0.999804 bw   0.001 oct)  (    20.5 Hz r 0.999748 bw   0.270 oct)  reduced   88.448 dB  snap c0 s0   12.661    0.879    9.627    3.104    1.379    1.653  dc s5
  107    20260823  a3b3c2d4e11f0g1       0.257      2.130     -5.775      9.854    564.570    547.939    680.115     48.188     17.940      0      0      0     69
  107  culprit s4  corners 0>1  (    19.8 Hz r 0.999744 bw   0.285 oct)  (  5394.7 Hz r 0.999804 bw   0.001 oct)  reduced  121.355 dB  snap c3 s2   17.261    1.965   18.655    0.629    0.471    0.496  dc s5
  190    20260823  a3b2c3d4e4f2g6        2.078     17.955     -1.174     11.490    480.880    543.021    627.509     44.781      0.000      0      0      0     53
  190  culprit s1  corners 0>1  (    19.0 Hz r 0.999195 bw   0.917 oct)  ( 18072.2 Hz r 0.999804 bw   0.000 oct)  reduced  126.191 dB  snap c3 s1    7.597   12.892    0.394    1.029    2.509    0.132  dc s3
   38    20260823  a5b4c4d2e5f3g1        0.126      2.478     -2.686     10.663    625.321    521.778    626.641     40.806      0.603      0      0      0     62
   38  culprit s1  corners 2>3  (    19.8 Hz r 0.999320 bw   0.748 oct)  ( 15216.7 Hz r 0.999804 bw   0.000 oct)  reduced  106.730 dB  snap c0 s4    0.031    0.177    0.125    0.211    2.542    0.245  dc s3
  162    20260823  a3b4c1d6e5f1g4        1.216     10.851     -0.813     13.765    611.475    501.239    597.938     33.165      8.103      0      0      0     67
  162  culprit s3  corners 2>3  ( 15485.6 Hz r 0.999804 bw   0.000 oct)  (    19.7 Hz r 0.998919 bw   1.176 oct)  reduced  182.434 dB  snap c0 s4    5.283    1.918    3.650   11.828   22.481    0.659  dc s1
  168    20260823  a5b2c4d3e6f2g2        0.724      7.377     -1.878      8.372    523.670    500.654    577.245     69.458     36.505      0      0      0     72
  168  culprit s0  corners 2>3  ( 11023.9 Hz r 0.999804 bw   0.000 oct)  (    19.4 Hz r 0.999018 bw   1.091 oct)  reduced  110.167 dB  snap c0 s1    0.942    7.713    0.150    6.192    4.476    0.001  dc s2
  109    20260823  a4b4c3d1e3f4g5        1.059     19.353    -15.647      9.460    578.442    489.353    576.750     44.591     31.676      0      0      0     45
  109  culprit s3  corners 2>3  ( 12124.5 Hz r 0.999804 bw   0.000 oct)  (    20.4 Hz r 0.999075 bw   0.981 oct)  reduced  138.683 dB  snap c2 s5   20.737    5.159    5.001   21.741    3.773   24.506  dc s1
   23    20260823  a4b2c3d5e4f3g3        0.729      9.825      0.087      7.725    535.290    435.774    566.745     71.182     34.065      0      0      0     74
   23  culprit s1  corners 2>3  (    20.7 Hz r 0.999706 bw   0.313 oct)  (  7598.7 Hz r 0.999804 bw   0.001 oct)  reduced   95.905 dB  snap c0 s1    0.139    9.867    0.084    0.466    3.343    1.354  dc s5
   76    20260823  a3b2c2d3e4f5g5        0.463      9.255     -7.286     11.011     13.006    434.731    498.166     37.972      1.897      0      0      0     37
   76  culprit s1  corners 0>1  (    19.1 Hz r 0.999579 bw   0.483 oct)  ( 16652.8 Hz r 0.999804 bw   0.000 oct)  reduced   65.251 dB  snap c3 s5    0.317    0.403    0.346    0.221    0.215    9.186  dc s2
  152    20260823  a7b3c0d4e3f5g2        2.133     38.386     -1.287     10.034    538.943    428.083    522.216     67.274     12.888      0      0      0     31
  152  culprit s3  corners 2>3  ( 13959.8 Hz r 0.999804 bw   0.000 oct)  (    20.1 Hz r 0.999551 bw   0.489 oct)  reduced   93.226 dB  snap c1 s2    4.993    5.825   39.255   21.135    0.806    0.152  dc s0
